        3591
       21977
       19779
        7778
       32588
        6144
       24985
       13945
       21796
       13137
         377
        5200
       13000
       20963
         384
        8990
       16191
       12738
       30789
        1557
        8772
        7976
        9776
       28787
        1377
        7938
       16753
       13733
        1344
       13983
       27389
        9153
       10169
       23180
       24177
       13770
        4369
       19967
        9747
       12343
        1352
       11198
       22382
       16569
       15377
       14785
        5781
       14989
       18373
       33186
       18194
       13963
        5183
       23994
        7555
       17169
        2550
         391
       33000
       18989
       12780
        6533
        7591
        2790
        5962
       33799
        6600
       14178
       12149
       10561
       23000
        8528
       20200
        1355
       10326
       12966
        8178
       11540
        7929
        6756
        5591
       13190
       14175
       31185
       12955
       14199
       16357
       19977
       13750
       16344
       16971
        4168
         597
        5756
        9394
       24786
       30391
       34990
       18583
       11129
       37938
       22807
        5125
       19549
        1670
        2868
       31123
       17128
       27043
       22912
       30003
       22715
       21656
       22643
       22268
       31272
       18140
       32681
       33178
        1309
       39512
        3479
       24875
        7124
       28678
        6697
       18901
       26483
       14917
       35006
       18504
       21007
        1701
       33481
        8690
       39983
       26889
       22657
       17696
       25147
       11913
       33267
       17545
       30007
       21440
       25292
       15495
       19916
       39207
       22456
       29369
       17104
         484
       31954
       27817
       35590
       24444
       28275
       29531
       31519
       30826
       30412
       19092
        1732
       38668
       39582
       14130
       30621
       24490
       21423
        1102
       36927
       28939
       25099
         899
        1094
       29313
       25961
       24556
       22134
       19271
       29141
       29857
       21090
       36301
       32037
       20936
       26415
       34132
       39067
        2673
       38718
       15306
       30217
       14317
       21530
       29512
       18876
       36074
       17088
        1026
       11436
       16036
        7609
       17624
       10205
       16240
        1242
        7236
        3434
        6217
       18817
       11065
       19422
       12817
        9870
        2023
        2822
        8250
        1242
       17417
        9043
        3402
        1815
       12666
        7069
       15831
        1805
       12433
       13882
        9642
        4039
       17208
        9049
       12064
        3430
       11235
       16814
       13685
       14410
        7013
        9617
       15203
        8869
       14220
       10220
       12418
       12020
       14465
        6009
       11845
       12478
       14055
        8877
        8643
         642
       17639
       10683
       10258
       12403
        8407
       15269
       17024
       10008
       18634
       12627
       16024
       13602
        4824
        5228
         617
        7877
       12278
       16021
       14044
       11461
        1833
        4613
       19228
       13891
       11442
       11077
       14071
       11073
       17844
       10064
        9269
        7617
        9024
       11221
       16017
        2204
       12276
        4031
        3601
       16241
       11840
       14652
       13855
       14429