    34   213   206
    52   197   190
    81   201   197
    41   217   209
    76   207   201
     9   216   208
    67   205   195
    74   211   205
    68   196   193
    79   208   202
    12   220   210
    62   213   205
    72   208   202
    87   201   197
    33   217   209
    71   208   202
    68   209   204
    73   205   201
    57   201   196
    47   203   196
    45   216   208
    35   215   210
    57   210   203
    66   205   194
    19   219   211
     6   217   209
    67   166   170
    90   194   184
    86   212   207
    61   216   210
    57   201   199
    66   213   204
    68   204   198
    59   202   197
    64   201   200
    65   212   204
    13   214   206
    63   183   183
    62   208   199
    70   196   192
    46   217   209
    71   206   197
    55   198   194
    70   211   199
    25   215   208
    57   216   208
    22   216   209
    67   215   207
    83   186   180
    73   207   201
    69   211   204
    73   214   207
    24   215   208
    67   169   166
    39   213   206
    77   198   193
    45   215   205
    47   209   201
    57   196   195
    70   211   202
    68   212   207
    34   220   208
    50   210   201
    37   214   207
    28   213   206
    55   196   191
    64   207   201
    48   218   210
    64   199   195
    72   202   199
    61   196   190
    68   220   214
    61   204   198
    45   214   205
    75   217   210
    75   205   202
    41   217   211
    71   202   195
    28   216   210
    34   213   204
    32   214   207
    71   203   197
    55   217   209
    67   212   206
    70   207   200
    72   208   203
    71   176   176
    80   198   194
    72   209   203
    81   168   169
    74   207   202
    13   213   207
    51   208   201
    18   212   204
    72   208   203
    68   205   196
    64   201   197
    83   204   198
    71   215   208
    54   211   204
   192   106   120
   176   214   175
   170   188   185
   152   188   185
   139   177   175
   123   158   166
   137   146   158
   141   173   172
   134   112   115
   130   129   135
   143   101   112
   125   138   142
   150   136   139
   159   160   166
   165   121   128
   142   102   110
   169   187   183
   214   115   123
   171   199   196
   153   137   138
   160   110   118
   124   168   172
   171    96   110
   137   200   204
   214   126   133
   112   164   164
   148   137   142
   168   109   115
   149   152   153
   179   110   117
   150   130   135
   148   157   162
   145   151   150
   213   119   125
   154   213   217
   155   199   193
   173   107   117
   173   131   133
   122   146   143
   158   157   159
    90   189   181
   172    88    99
   120   202   196
   144   104   116
   159   166   168
   192   132   152
   159   154   155
   134   132   138
   136   117   126
   159   128   142
   158   165   166
   122   151   151
   126   157   156
   139   154   156
   153   151   171
   116   202   194
   148   125   131
   201   157   157
   181   142   149
   135   148   148
   159   115   120
   149   112   113
   141   129   136
   151   185   186
   223   116   127
   154   200   193
   105   173   176
   165   116   132
   177   142   149
   180   206   198
   151   151   157
   172    96   104
   123   142   145
   183   127   127
   145   149   148
   137   150   152
   222   107   116
   145   164   167
   151   170   170
   117   148   147
   167   145   138
   129   138   141
   195   105   116
   144   130   139
   166   129   134
   157   128   138
    83   161   158
   160   110   121
   153   147   145
   219   129   137
   131   149   152
   167   104   111
   163   154   155
   158   113   118
   144   161   161
   127   148   153
   222   101   105
   168   149   169
   215   124   124
   124   137   145
     0   251   238
     0   253   240
     0   254   240
     0   252   238
     0   251   239
     0   251   239
     0   253   240
    61   253   238
     0   253   240
     0   252   239
     0   251   238
     1   251   239
     0   252   239
    21   251   238
     0   251   238
     0   252   239
     0   251   238
     0   251   238
     4   253   241
    61   253   238
     0   252   238
     0   253   240
     0   251   237
     0   252   238
     0   251   238
    72   252   239
     0   253   239
     0   252   239
     0   253   240
    84   251   228
     2   253   239
    39   252   239
     0   250   237
     0   253   241
     0   251   238
     0   253   239
     0   253   240
     0   252   238
    91   252   238
     0   252   238
     0   252   238
     0   251   238
     1   249   236
     0   251   238
     0   251   238
     0   251   238
     0   251   238
     0   251   238
     0   251   238
     0   251   239
     5   253   239
     4   251   238
     0   251   238
    18   251   238
     0   253   240
    47   253   241
    14   253   241
     8   252   239
     0   251   238
     0   251   238
     0   251   239
    28   251   238
     0   252   238
     0   251   239
    55   253   239
     0   253   240
     0   252   238
     0   249   236
     0   252   240
     0   253   239
     0   251   238
    79   251   236
     0   251   238
     0   251   238
     0   253   239
     0   251   238
     0   252   239
     0   252   238
    67   253   240
    87   252   238
     6   253   239
     1   251   238
     0   251   238
     0   251   238
    52   252   238
     0   252   238
     0   251   238
     0   251   238
     0   251   238
     0   250   238
     0   252   238
     0   252   239
     1   251   238
     0   253   239
     0   251   237
     0   253   240
     3   254   240
     0   251   238
     0   251   238
     0   253   239