    58   222   212
    44   234   226
    26   242   230
    74   211   209
    54   238   226
   165   187   186
    68   237   226
    41   241   230
    62   231   222
   137   188   180
    77   227   225
    81   253   237
    30   242   230
    62   247   230
    29   237   227
    71   235   225
    49   240   228
    48   236   226
    70   230   220
    35   236   225
    16   245   233
    55   236   226
    77   240   231
    82   242   229
    43   243   231
    22   243   236
    61   239   229
    36   238   228
    58   237   228
    54   206   195
    38   239   228
    41   240   229
    29   240   229
    82   234   222
    49   247   237
    55   231   222
    26   243   232
   108   223   218
    98   234   225
    15   244   232
    37   237   225
    37   248   234
   125   200   205
    59   241   229
    43   240   229
    30   244   232
    44   238   226
    65   234   224
   150   199   201
   102   235   225
    65   232   222
    46   239   227
    22   235   226
    47   241   229
    78   234   224
    46   239   230
   115   241   228
    46   241   229
    72   231   221
    38   239   229
    81   223   217
    43   228   220
    68   236   226
    50   241   229
    49   233   222
    59   238   228
    68   231   220
    39   239   229
    66   237   225
    39   242   230
    30   237   228
   168   203   203
   172   177   193
    78   230   220
    68   229   218
     3   242   231
    69   226   221
    49   237   227
    10   243   231
    66   230   222
    45   231   219
   114   244   232
    68   232   222
    66   234   223
   116   236   226
    65   234   219
    53   231   225
    55   238   227
    59   241   229
    31   247   234
    78   225   213
    69   235   225
    99   239   227
    66   236   226
    67   233   223
    45   243   230
    66   233   223
    80   230   221
    18   239   227
    65   233   223
   142   162   161
   174   163   167
   144   158   166
   129   152   158
   116   178   177
   199   125   129
   132   148   151
   165   127   132
   151   155   154
   152   142   150
   118   135   147
   207   143   143
   139   204   220
   148   154   157
   156   140   148
   173   164   165
   188   166   170
   125   172   170
   131   135   143
   208   156   159
   140   169   170
   156   101   117
   142   163   178
   156   158   162
   141   147   143
   126   183   168
   201   223   202
   132   204   199
   209   108   119
   144   163   169
   198   174   172
   161   154   160
   150   176   170
   130   133   147
   154   157   160
   151   172   164
   165   146   148
   203   172   170
   157   156   159
   145   151   155
   148   149   152
   159   130   139
   188   177   173
   186   167   167
   126   157   161
   151   124   135
   125   142   144
   151   164   165
   190    93   103
   160   217   203
   216   194   185
   179   146   144
   127   149   154
   156   173   169
   156   133   158
   201   113   131
   171   146   154
   123   148   150
   130   128   136
   181   168   172
    81   209   212
   141   161   151
   132   174   172
   125   174   179
   209   131   147
   138   170   173
   169   147   146
   201   119   151
   152   163   164
   164   174   177
   184   126   139
   137   181   176
   167   127   136
   168   163   153
   136   146   144
   126   177   174
   147   200   199
   153   177   174
   160   194   186
   196   182   182
   186   155   159
   145   146   152
   129   147   151
   202   136   142
   194   134   144
   154   143   135
   194   150   161
   177   163   163
   168   157   144
   176    91   104
   186   122   134
   141   145   145
   238   147   151
    88   255   245
   120   161   160
   178   181   171
   157   148   150
   190   204   193
   129   144   147
   199   148   157
    27   255   245
    29   255   243
     0   255   244
     0   255   243
     0   255   244
     0   255   245
     0   255   245
   106   255   243
     1   255   245
    11   255   244
     0   255   245
    48   255   248
     0   255   245
     0   255   245
    85   255   245
     3   255   245
   127   243   208
     0   255   245
     0   255   244
     0   255   245
     0   255   244
     0   255   245
     0   255   244
    84   255   245
    73   255   246
     0   255   245
     0   255   245
     0   255   245
     0   255   245
     0   255   244
    24   255   242
     0   255   244
    81   254   243
    73   255   246
   156   233   203
     0   255   245
     0   255   245
     0   255   245
     0   255   244
     0   255   245
     0   255   245
   123   243   228
     0   255   245
     0   255   244
     0   255   245
     0   255   245
    10   255   244
     4   255   244
     0   255   244
    72   255   241
     0   255   244
     0   255   245
     0   255   245
     0   255   244
     0   255   245
     0   255   245
    51   255   245
     0   255   245
     0   255   245
    28   255   244
     1   255   244
     0   255   244
     0   255   244
     0   255   244
     0   255   244
    60   255   244
     0   255   245
     0   255   244
   119   255   234
     0   255   245
     0   255   244
     0   255   245
     0   255   244
    12   255   245
   102   254   245
   150   228   215
     0   255   244
     0   255   244
     1   255   245
     0   255   244
     0   255   244
     0   255   245
    60   255   245
     0   255   245
   123   249   208
     0   255   244
    30   255   246
     0   255   243
     0   255   244
     0   255   245
   146   245   237
     0   255   244
     0   255   244
   106   251   219
     0   255   245
     0   255   244
     0   255   244
     0   255   245
    97   254   236
     0   255   243