      31169
       24952
       29576
       28347
        4583
       37974
       22365
        2385
       10751
       22247
        1761
       16994
        1188
       24360
        2381
       26577
        6186
       12575
       13150
        2967
       35390
       18969
       17200
       14394
       18196
       30574
       13985
       30386
        6181
        4155
        4196
       21783
        3394
       18144
       28353
        8547
       28199
       32361
       17959
       34389
       30585
       39197
       30146
       11788
       23782
       23588
       23173
       35176
       19134
       15173
        7943
        4000
        1770
       33578
       15158
       29997
       25342
        5793
       11946
        4195
        9736
        5558
       14383
       29992
       25161
        8584
       12349
       23178
        8372
        8195
       27758
       16332
       12530
        7740
       23358
       18592
        7343
       20372
       19992
        8742
       26351
       15944
        8366
       19550
       37781
       11152
         572
       21167
       27987
       39997
        8735
       14373
       38383
       21964
        8342
       39190
       19543
       13543
        3374
        9364
       23105
       33253
       28300
       20108
       34440
       29135
        9891
       11520
       12303
        5705
       15886
       26716
       35428
       33734
       24690
       35547
       32746
       10882
       26441
       25122
        2034
        9120
       32521
       31737
        7327
       22644
       36966
       31953
       17521
       29307
       39331
       28697
        3238
        4878
       27643
       30107
       29659
       38921
        8495
        4904
       34076
        8323
       24128
       25500
       31119
       23675
        2454
       27237
       14325
        5538
       39506
         690
       33927
       21484
       33085
       35940
       39487
       11087
        4678
       27323
        3950
       37064
       22068
        1332
       29087
        2237
       25853
       25112
       23257
       36704
       34554
       30435
       30740
       25887
       29311
       32639
       29427
       13087
       35027
       22326
       26504
        2259
       28913
       27891
       26498
        1262
       25898
       27731
       27675
       14724
       26462
       29069
       37714
       20275
       10884
       38573
       14091
       23536
        5074
       28882
       28618
       18458
        6613
       13030
       13443
       38211
       14411
        5449
       10666
        5026
       13425
        6049
        9842
       17844
        5246
       31814
       13278
        1408
        8407
       25403
       38821
       17217
        6437
       34821
       24626
       27608
       34403
       23003
       22021
       16836
        8871
       38821
       23429
        8670
       39839
       15847
        2001
       17846
       11622
       13412
       30014
        7868
       17218
       39409
       25606
       28406
        6649
       32014
       37203
       26825
        7229
       20016
       20042
       18830
       23213
       13220
       17062
       18617
       12461
       15260
        6845
        5408
        5223
       11021
       11834
       35421
       25006
       16056
        3228
       33802
       11814
       30002
       11205
       26221
       30822
        4441
       37021
        4603
       30414
       11027
       17238
       14818
       24026
       22023
         224
       36203
        9471
       15002
       10011
       24411
        7483
       15436
       12024
       24830
       25210
       10653
       12842
       28805
        6655
       21213