    17   243   232
    48   243   231
    82   231   225
    21   244   232
    26   239   227
   140   161   164
    57   235   230
   121   244   231
    55   238   227
    41   241   230
    59   236   226
    37   240   230
    52   238   228
    92   237   227
    92   237   227
    63   242   234
    88   194   195
    43   242   230
   118   151   150
    17   242   231
    59   240   228
    36   240   229
    51   236   225
    45   238   228
    66   239   228
    40   236   228
    68   234   223
    49   233   224
   136   225   219
    22   244   232
    18   243   232
    63   237   227
    81   234   223
    74   242   214
    96   244   237
    88   236   224
    81   206   203
    55   240   228
    23   240   230
    64   231   222
    61   237   227
    70   234   223
    98   213   205
    50   240   228
    14   241   229
    13   244   231
    43   242   231
    17   242   231
    53   238   228
    22   244   232
   124   241   226
    59   234   225
    53   241   230
    70   231   227
    54   231   222
    66   233   223
    32   244   231
    33   243   231
    42   240   231
    60   236   228
    12   244   232
    19   241   230
   109   154   155
    75   238   226
    34   241   229
    32   242   230
    67   233   222
    17   243   231
    40   239   229
    39   240   230
    70   238   226
    55   239   227
    44   240   229
    64   236   225
    55   246   234
    38   242   230
   176   186   194
    29   238   226
    31   240   228
    50   244   233
   197   187   185
    63   238   226
    53   239   228
    63   234   223
    54   237   226
    14   244   231
    69   235   224
    90   216   211
    69   235   226
    52   239   229
    98   245   235
    97   242   235
    10   246   234
    48   237   227
    59   228   221
    62   227   221
    42   237   227
    44   239   228
    69   235   224
   124   250   235
   159   140   147
   156   124   131
   159   118   126
   171   133   130
   126   254   241
   123   203   202
   150   135   151
   196   184   192
   148   144   143
   183   118   126
   145   207   193
   137   166   167
   143   135   137
   149   125   135
   146   147   152
   146   146   147
   184   146   160
   230   115   119
   141   206   202
   181   183   189
   184    94   106
   194   139   149
   153   179   176
   191   159   163
   149   133   145
   162   151   150
   173   140   151
   192   111   121
   128   213   200
   170   138   151
   174   149   146
   189   223   203
   145   128   137
   169   173   170
   171   168   157
   173   140   151
   162   178   177
   200   116   120
   170   179   178
   203   173   174
   170   147   155
   217   136   159
   154   193   213
   111   183   181
   152   157   157
   207   133   163
   181   155   157
   125   159   152
   152   134   137
   149   166   166
   187   114   124
   131   121   132
   165   184   186
   140   128   136
   202   129   137
   114   175   178
   149   147   154
   141   164   158
   163   156   167
   171   171   168
   171   199   198
   137   146   152
   188   125   131
   150   134   138
   138   181   178
   190   160   155
   197   103   110
   170   178   179
   126   142   148
   186   172   176
    95   241   226
   166   111   121
   170   141   136
   148   147   153
   170   205   211
   155   151   160
   163   135   136
   149   167   162
   160   136   134
   189   110   124
   180   219   208
   135   151   158
   139   175   171
   159   150   146
   207   134   152
   151   124   131
   156   139   141
   195   156   162
   145   142   143
   123   176   164
   123   186   184
   121   177   177
   162   187   183
   150   178   175
   182   164   162
   139   206   215
   187   130   136
   121   255   236
   158   153   163
   173   140   158
     0   255   244
     0   255   245
     0   255   244
     0   255   244
     0   255   244
     0   255   245
    30   255   245
     0   255   245
   106   255   246
    12   255   245
     0   255   245
     0   255   244
     0   255   244
     0   255   244
     0   255   245
    68   255   248
     0   255   244
     0   255   245
     0   255   244
     0   255   248
    85   205   203
    15   255   245
     0   255   243
     0   255   244
    61   255   245
     0   255   244
     0   255   244
    61   255   243
     0   255   245
     0   255   244
    52   255   245
    99   255   245
     0   255   245
     0   255   244
    89   255   246
    79   255   245
    15   255   244
     0   255   244
    73   255   247
     0   255   244
     0   255   245
     0   255   245
     0   255   245
     0   255   244
    37   254   244
     0   255   244
    32   255   244
     0   255   245
    79   255   243
     0   255   244
    84   255   245
     0   255   244
     0   255   245
     0   255   245
     5   255   245
   104   255   243
     0   255   245
     0   255   244
     0   255   244
     9   255   245
    26   255   243
     0   255   243
   147   254   238
     0   255   244
   139   242   237
     0   255   245
     0   255   245
    96   255   245
     0   255   245
    99   255   247
     0   255   245
     0   255   245
    99   255   248
     0   255   245
     0   255   245
     0   255   244
     5   255   246
     0   255   245
    43   255   241
     0   255   244
     0   255   244
     5   255   244
     0   255   245
     0   255   244
   101   255   233
     0   255   244
     0   255   244
     0   255   244
   125   239   212
     0   255   244
     0   255   245
     0   255   244
     0   255   245
     0   255   245
     0   255   244
     0   255   245
     6   255   245
    66   254   244
     0   255   245
     0   255   245