       29541
       25942
         600
       33727
        1597
       29972
       38183
       27730
        4569
       27328
       21355
       17746
       23393
       25336
       25130
       19566
       21563
       26169
       19567
       21598
        7997
        1965
       24538
       17562
       32782
       26359
       34993
       13951
        6187
       13766
       35753
       12400
       25400
       28139
       25168
       31338
       27783
       28567
       27130
       34357
       32598
       23370
       34536
       32325
       38393
       27544
       28589
       22746
       26967
       34590
       23948
         386
       16377
       33121
         599
       23987
       29160
        3398
        1580
       23752
       27200
       25959
        1398
       22791
       12184
       27139
       16956
       30549
       24596
       33342
       15590
       20542
       19998
       32738
       33800
       13591
       28759
         181
       19969
       29969
       36191
       27593
       29327
       25790
       26997
       11184
       15577
       11792
       35557
       12982
       34191
         169
       33966
       16965
       13185
       37578
       10367
       27996
       27125
        9371
       22873
        5232
        1419
       32422
       13627
       14928
       17508
       27109
        3462
       34475
       36411
        8439
       38864
       15887
        9923
       39559
       13628
        6695
        8702
        7335
        7862
       35852
       28272
       17242
        2415
        9931
       16859
       18812
       30239
       12292
       35251
       23806
       36867
       18478
       13801
       31082
       22809
       38252
        9517
        9448
        2921
        3094
       30825
        2556
       21719
       23094
       19526
         293
        7641
        6756
       38117
       11927
       35269
        3121
       36003
        2213
       37054
       39508
       24711
       31269
       13248
       32300
        2130
       37424
       26811
       36477
        2416
       22643
          34
        9837
       12262
       38523
        5407
        4825
        7343
       34121
       12105
       11213
         804
        3204
       25233
        7846
       30823
       36523
       19101
       31212
        3280
        9022
       39277
       17485
       11706
        3551
       34102
       37556
        1717
        5819
       39809
       36281
        2954
       27652