    21   225   218
    39   222   220
     0   193   189
   125   183   181
     0   193   189
     0   215   208
     1   222   213
    32   178   175
    13   190   186
    35   176   177
    27   206   207
    66   177   172
     0   190   187
    21   174   170
    49   172   169
    41   203   198
    19   207   201
     0   211   204
    32   202   198
     0   187   184
    83   225   219
   101   177   175
    20   183   186
    43   201   194
     0   227   217
     0   209   205
     0   205   198
   120   166   168
     1   199   194
     0   199   194
    54   173   174
     2   191   189
     3   183   181
    39   205   203
     0   212   203
    10   191   189
     0   218   208
     0   213   206
    36   177   176
     4   196   195
     3   193   189
     0   209   203
    64   181   180
    48   188   183
     0   198   192
    31   219   206
     0   197   193
    20   177   176
     0   210   204
     0   213   205
    22   178   182
     0   192   188
    39   208   201
   169   169   182
     0   193   189
     0   194   192
     0   212   206
     3   194   189
     2   193   189
    19   198   190
     0   186   183
     0   210   205
     0   194   189
     0   193   189
    58   220   217
    42   219   216
    11   194   192
    14   176   176
     2   187   184
    11   231   221
     0   200   194
    74   209   203
     0   188   184
     6   193   189
     4   193   188
     4   197   194
     0   210   206
     0   194   189
    19   206   201
     0   215   206
     0   210   200
     0   192   187
    30   181   177
     0   190   187
     0   189   184
    50   198   195
    57   207   199
    46   198   192
    38   191   188
    57   221   208
     1   210   202
   122   180   180
     3   224   217
    50   202   194
    52   197   193
     5   220   212
     0   194   191
     0   188   185
    35   160   164
     0   196   194
   112    88   103
   147    82    85
   215   117   121
   147   176   169
   182   143   150
   179   169   163
   171    89   107
   135   130   138
   149   139   147
   148   147   143
   145   176   178
   205    46   100
   146   171   180
   207    93    97
   151   135   142
   187   181   181
   182   141   151
   176   108   120
   168   152   152
   151   118   123
   203   167   171
   125   164   170
   106   150   150
   202    97   101
   188   114    99
   157   112   107
   202    97   115
   129   108   121
   144   150   158
   136   143   145
   116   178   167
   115   129   145
   173   162   164
   184    99   103
   155   102   118
   100   128   132
   135   123   132
   176   172   176
   160   142   143
   187   114   131
   181   127   135
   140   132   139
   137   149   155
   183    93   108
   195   126   127
   185    82   104
    83   147   150
   185   113   120
   168    46    57
   161   162   170
   169   101   120
   193   129   122
   144   171   171
   190   147   163
   127   195   197
   202   134   138
   161   133   137
   212   164   148
   201    75    82
   118   154   157
   195   144   128
   172   102   103
   198   125   122
   166   171   170
   149   135   146
   175   162   163
   188    88    99
   114    87    99
   199   100   118
   196   121   137
   158    97    89
   153   111   121
   209    78    94
   125    81    95
   142   116   122
   177   160   175
   167   211   197
   147    92   115
   147   122   132
   164   105   116
   150   157   154
   184   119   128
   137   172   169
   190   168   172
   152   130   130
   140   139   142
   119   107   119
   189    82    76
   107   169   159
   194   126   124
   185   204   202
   148   147   152
   164    93   109
   139   190   189
   162   116   123
   119    36    50
   183   224   217
   171   136   128
   175   126   137
   104   153   154