       26339
       28318
       19753
       23755
       21114
       19538
       18598
       16553
       14197
       24144
       27756
       22390
        2788
       28748
       17377
       22568
       31399
       12372
       18340
        9199
       27523
       25520
        9572
       27398
       20171
       19932
       28118
       15544
        7199
       21143
       32994
       25936
       24171
       24155
       18574
       22793
       19599
       15169
       28700
        7384
       32998
       19987
        6176
       23778
       26959
         185
       15944
       28109
       16964
       21138
       27348
       22758
       29154
       11982
       16187
       10574
       20935
       24150
       26705
       17394
       15743
       11581
       30969
       17531
       19390
        6585
       15934
       28540
       18726
       26324
       31582
       17996
       15736
       25358
       18373
       24941
       21356
        7370
       24158
       21954
       13364
       27598
       14578
        6974
        7386
       13593
       19534
       21337
        6385
       16128
       28774
       27571
       20122
       17770
        9181
        7381
       22938
       15939
       15949
         387
        6615
       26225
        3287
       10818
       30903
       37952
       13335
        1544
        6960
        5007
        9929
       23675
       32344
       38879
        4016
        9310
        2100
       39436
       11248
       36493
        5527
        5653
        1156
       18213
       35879
        5257
        6566
       32437
       24682
        5821
       15049
       16666
        8456
        6555
       13871
        8543
       38425
         557
       30006
        8137
       24864
        5894
       24261
       18283
       10339
       35539
       36524
       39839
        1635
       36538
       35751
        8547
       38213
       29074
       20902
       24490
       11628
        4288
       34862
       11875
       30880
       37152
       15514
       17498
       15625
       35085
       39426
        1571
       12507
       33029
       10844
       39233
       26412
       34447
        2888
       18117
        6209
       14694
       10897
       24818
       37641
       15655
       29693
       16246
       21455
        7108
       24226
       32110
         227
       12533
       38629
       27867
       21083
       38368
       36876
        2575
       11851
       32828
       31071
         727
       17225
       18017
       14827
       21826
       19614
       17219
       19423
       14225
       19828
       20020
       19014
       17627
       19837
       19215
       13833
       14427
       15432
       20427
       17017
       21031
       15215
       21426
       21023
       19426
       16218
       20636
       18029
       20026
       17618
       14230
       21026
       19022
       17617
       21628
       14235
       17226
       18032
       19213
       14822
       18631
       18220
       19020
       20629
       19622
       20424
       16216
       20221
       18216
       18831
       20837
       14830
       17825
       19014
       19226
       16214
       20420
       16215
       16618
       21031
       14625
       20823
       20037
       17217
       17220
       19024
       18820
       16413
       18819
       20224
       20234
       16218
       16221
       20438
       18215
       20028
       15614
       18631
       19016
       14032
       22027
       16818
       17222
       14023
       14835
       20424
       21430
       16417
       18430
       14835
       14623
       15613
       18618
       17428
       19626
       19219
       14630
       19214
       14623
       21629
       20836