    72   177   177
   147   143   143
    63   222   218
    29   208   207
   133   116   118
    70   194   195
     4   213   214
    49   208   207
    59   213   215
    68   193   192
    28   213   211
    23   212   210
    62   206   207
    61   192   194
    51   215   217
    21   213   213
     7   210   209
    52   203   204
    72   192   193
    34   212   211
    82   178   175
    96   169   168
    45   205   206
    14   212   213
     7   217   217
    69   195   195
   115   141   143
    87   194   195
    43   210   208
    76   217   206
   133   204   208
    71   174   175
    24   214   214
    38   207   206
    44   217   217
    16   211   211
    11   211   212
    33   208   209
   182   141   135
    33   210   210
   115   213   210
     0   213   214
    63   201   201
    19   215   213
    30   210   211
   144   214   199
    71   195   196
    80   112   111
    52   215   213
    79   195   197
    49   189   191
    15   212   212
    46   212   211
    30   211   213
    44   215   215
    50   208   208
    72   194   194
    57   194   194
   153   129   132
     9   216   215
    71   195   195
    30   212   211
   127   208   208
    92   202   202
     0   212   213
    40   210   210
   137   198   199
   115   177   177
   108   198   195
    70   179   179
   110   209   214
     3   215   215
   108   196   197
    31   209   209
    44   216   216
    72   183   184
    32   213   212
    99   190   192
    25   207   208
    23   210   210
    54   206   206
    14   213   213
    45   216   216
    85   200   200
    33   210   210
    74   237   230
    68   193   194
    79   194   196
    40   212   210
   162   183   183
     0   219   218
     0   216   216
    92   174   174
    63   233   225
    33   210   210
    28   209   209
    78   190   189
    86   198   196
    59   202   202
   105   208   207
   157   139   144
   124   153   151
   116   182   181
   193    88    98
   145   117   117
    90   117   119
   141   146   151
   122   138   144
   158   119   120
   131   117   120
   141   127   122
   122   163   155
   100   163   159
    71   166   169
   150    95    96
   185   153   149
   121   163   168
   156   112   119
   191   162   145
    78   222   209
   141   143   147
   152   173   167
   107   142   145
   111   165   169
   129   173   168
   149   161   160
   174   148   154
   135   147   152
   141   138   142
   136   121   126
   178    87    94
   186    97    96
   175   173   164
   131   130   124
   149   114   137
   162   164   162
   155   131   134
   114   116   132
   142   123   127
   183   171   164
   132   159   155
   145   166   168
   131   140   151
   171    80    76
   107   121   133
   161   144   141
   168   190   170
   147   120   122
   172    83    88
   174   188   174
    81   161   156
   149   146   148
   146   147   149
   146   125   133
   173    98    93
   135    99   104
   162    80    91
   154   182   176
   120   135   145
   176   166   154
   168   139   138
    91   128   130
   182    61    66
   196    37    52
   100   121   141
   105   198   178
   150   143   136
   106   139   139
   189    91    89
   115   164   161
   191   134   134
   157   111   115
   141   172   165
   157   159   156
   109   188   181
   158   107   110
   145   131   138
   200    72    67
   207   136   120
   126   153   156
   157   128   130
   183    88    85
   149   104   118
   169    87    89
   147   141   151
   148   149   162
   122   134   141
   155    88    96
   169   141   136
   140   156   146
   157   123   127
   149   142   145
   133   161   155
    85   193   192
   109   145   155
   162   156   158
   192   128   145
   128   164   160
   158   132   142
   158   105   122
   101   248   216
    67   255   244
   107   222   217
   151   245   223
   143   253   233
    65   255   240
    61   255   254
   112   211   207
    70   255   255
   113   235   230
   124   247   230
    85   255   249
   177   245   227
   143   255   246
   103   200   169
   107   249   225
    94   211   198
   103   255   254
    76   230   228
   145   255   245
   126   204   173
   136   244   238
   144   220   214
    54   254   255
    91   255   239
   158   255   236
   106   255   249
    74   255   255
    68   255   249
   106   217   220
   136   249   244
    31   254   255
    68   255   242
   154   223   221
   119   210   172
   101   244   214
   143   203   208
   143   247   216
   112   216   201
   123   220   228
    33   255   255
    45   255   252
    89   253   250
    62   255   252
   123   250   246
    91   255   243
   113   230   228
    67   252   235
   123   242   234
   173   217   214
    98   254   244
    85   255   254
   124   247   230
    55   255   255
   104   249   225
   135   202   207
   105   255   237
    91   238   230
   145   255   245
   107   204   216
   122   223   222
   177   255   231
    75   251   235
    65   255   239
    31   255   255
    45   255   254
   104   205   193
    46   255   253
    93   255   250
   153   254   252
    91   255   239
    81   201   189
   174   224   211
   112   236   216
    70   255   254
   119   220   208
   123   220   228
    82   255   249
   103   244   206
   151   227   203
    76   209   226
    73   254   232
   116   233   184
   106   210   189
   123   250   246
   127   228   226
    92   255   238
   105   250   239
   106   210   189
   112   219   213
   118   204   193
    82   255   253
   125   255   238
    55   255   255
    80   232   247
    98   255   245
   143   252   235
   112   219   213
   154   206   213
   159   240   227