        4623
       81559
       81376
        9280
       48314
       18496
       52628
       85353
        2689
       49939
       62293
       34736
       47248
       33172
       66052
       36378
       56348
        5356
       21764
       82734
       75730
       39539
       47999
       11787
        8602
       35913
       72363
       85057
       40015
       25425
       25558
       80256
       19419
       55216
       49641
        5148
        3754
       52116
       22118
       84314
        5688
       10138
       21553
        8042
       48731
       50652
       25201
        1625
       51362
       32640
       30654
       69843
       31517
       56776
       22385
       44568
       57539
       57196
       77976
       45928
       32176
       84595
        5228
       68768
       84040
       54997
       79847
       10936
       78033
       36346
       38862
       10466
       25027
       10635
       62991
       79895
        4849
       68014
       68775
       33469
       67635
       69010
       45577
       78253
       47782
       61800
       28574
       67274
       38930
       45111
       42046
        3362
        3309
       11378
       78361
       13955
       68199
       41300
       25408
       80760
       56470
       35518
       22039
       30747
       85720
       10628
       52462
       84514
        4697
       22799
        9614
       20768
       11208
       71890
       23435
       48396
       45699
        8029
       65219
       21818
       21119
       18253
       75197
       17424
       59050
        3595
       51866
       51318
       30567
       78505
       68434
       81323
       65649
       29371
        8738
       35237
       23663
       16780
       56347
       36344
        6072
       42297
       41306
       44147
       12161
       33637
       80062
       62821
       50572
       41393
       56976
       74277
       17381
       85177
       16714
        6720
       67080
       43535
       15214
       73253
       45891
       65946
       52738
       68327
       76290
       55120
       74868
        7486
       45488
       69603
       46272
       47965
       59813
       77212
       12538
       40225
       72924
       52933
       79821
       33098
        5964
        3140
        7411
       28541
       43290
        4233
       70113
        6850
       18904
       24434
       76628
       65261
       72489
        7419
       60739
       25856
       47167
       30720
       46532
        8752
       22666
       27175
       66131
       38769
        9005
       81541
         408
        9003
       11968
       43315
       61396
       13961
       51426
       16706
       82842
       70115
       51361
       13456
       41093
       72318
       76359
        1332
       76764
       16477
       79245
       85290
       76330
       84537
        7857
       36467
       71655
       84652
       42875
       84356
       58562
       22241
       52775
       66101
       70022
       81907
       22693
         907
       73987
        6911
        6459
       38358
       42134
       67176
       33131
        3023
       84890
       64112
       26422
       13352
       39986
       12338
        4341
        4689
       62511
       16114
       35092
        6975
       77251
       26242
       64537
        6344
       50526
       33733
       54273
       85417
       56827
       45172
       23156
       44601
       10141
       32011
        2391
       52183
       17775
       37317
       51746
       33483
       33314
       44400
       56656
       42519
       19527
       17159
       27191
       37833
       74443
       75747
       34945
       41358
       36534
       23038
        7184
       82395
       45632
       26319
       42472
        2878
       25523
       25256
        4368
       53229
       17843
       42115
       48816
       31560
       78711
       29161
       78157
       64787
       33682
       61869
       63694
       53572
       27195
       82875
       44729
       35670
       42195
        1447
       52357
       54963
        2357
       60071
       14787
        4477
       16488
        3173
       27000
       72944
       41959
        7703
       13677
       45871
       77661
       55984
        5502
        4877
       28631
        3080
       15699
       51205
       62074
       82872
       13138
       71138
       39576
       27820
       45425
       65561
       69583
         932
       62020
       60782
       25830
       33015
       56475
        2025
       56377
       76633
       22105
       21772
       65176
       30511
       76297
          31
       46726
        6411
       85370
        9651
       38224
       13664
       63268
       64979
       78170
       14334
       49972
       72919
         991
        8047
       84116
       77631
       14142
       31324
       11739
       17771
       13868
       56755
       37770
       62379
       30670
       22775
       58346
       11375
       26728
       41239
       35870
       69418
       44433
       76835
       35290
       10292
       73498
       56518
       79896
       58333
       69987
       12392
       68691
       53708
       45465
       84859
       21514
        4710
       51399
        6041
        5989
       50541
       38356
       33526
       66972
       38781
       33701
       74536
       23168
       58527
       50655
       62241
       35495
       24366
       45040
       67576
        1082
       62016
       14432
       24694
       19349
       36079
       83207
       51430
       42857
        3161
        3682
       84850
       40863
       48779
       82795
       21327
       63520
       32605
       65549
       58698
       14881
       65239
       65111
       52950
       68832
       71533
       74225
       58061
       72811
       31751
       83814
       24554
       85753
       46719
         429
       62052
       56570
       44039
       79112
       76239
       53937
       46193
       25532
       46142
       20246
       48297
       17962
       78445
       40418
       46489
       69845
       30400
       40566
       45205
       26596
       16531
       81751
       73832
       67287
       26662
       34703
       64165
       84468
       59458
       75973
       64718
         555
       25532
        6328
       48827
        3984
       35010
       45256
       55884
       39503
        7459
       40240
       56382
       21340
       76805
       79089
       46509
       46858
       52867
       74259
        4514
       51858
        2936
       84468
       82982
       23388
       34721
       62714
       81561
       10374
       65996
       84881
       32034
       35949
       17460
        6732
       76576
       56559
       68667
       64505
       28811
       47185
       30086
        1405
       62244
        2987
       38741
        5052
       59227
       69616
       28564
       84654
       43142
       28883
       60381
        8278
       71920
       58362
        6838
       55126
       79555
       13502
       77796
       51534
       26261
       31877
       10690
       37825
       76157
       32719
       72292
       38346
       83893
       29228
       43635
       64143
       25574
       69693
       42249
       46736
       34782
        3761
       53753
       45820
        5848
       47896
        5469
       45712
       82791
       15453
       83140
       27972
       33241
        4174
       14504
       65415
       68253
       52305
       78732
       22360
       59019
       81588
       30739
        3195
       61023
       72964
       36697
       12544
       83000
        8445
        4057
       45015
       72481
       32963
       27378
       49587
         581
       53138
       21571
       71201
       59975
       62820
       53012
       80909
       61670
       34635
       81617
       30168
       31667
       43768
       77950
       41402
       23918
       30745
       83420
       34349
       64838
       63847
       41068
        1052
       55985
       82892
       16587
       63159
       19509
       34814
       35111
       29907
        5018
       64539
       22612
       10288
       34648
       17265
       79413
       66833
        8911
       26665
       50244
       14085
       14731
       80527
       64873
       11696
       70508
       37576
       44112
       39960
       17852
       84031
       42310
       53919
       25878
       62031
       62263
       84458
       81067
       50031
       57462
       66719
       12599
        9584
       39442
       42979
       67263
       43523
       57598
       66508
       45331
       15135
       59682
       80906
       46765
       51655
       37046
       51501
       20321
       30013
       53352
       52266
       10248
       80070
       84570
       83895
       60755
       85307
        4608
       17743
       66707
       15484
       45450
       46912
        8646
       23258
       71054
       31272
       55117
       50777
       26731
       25827
       42339
       62176
       30834
       40288
       67516
       24596
       16427
       76825
       33646
       36589
       70746
       34532
       20288
       62419
       79384
       64988
        5894
       54511
       72565
       10703
       66660
       72603
       15107
       34086
       12729
       29380
       23584
       78339
       64927
        3062
       69658
       31127
       48387
       47937
       65222
       40152
       48352
        7079
       15476
       37986
       83301
       44743
       36823
        7608
       32989
       85547
        7606
       26855
       20945
       60547
       59359
       29793
       58840
       28183
       69575
       14873
       23848
       54098
       74800
       36970
       17383
       28682
       39542
       28895
       20903
       83765
       54596
       57810
       39395
       67449
       28194
       50778
       47939
       47775
       65704
       61495
       13943
        1632
       12977
       53761
       62857
       62757
       60903
       30361
       82017
       63977
       28128
       38147
       68104
       57837
       40555
       66200
       67059
       20121
       46681
       25972
       84589
       72598
       60058
       56622
       21748
       65021
       29191
       57479
       75430
        9773
       35550
       67649
       46932
        2284
       66328
       37290
       43178
        9072
        5762
       83242
       49006
       71658
       62404
       78268
       48227
       14814
       55282
       18797
       18881
       25055
        2431
       17247
        1326
       77589
       39336
       79027
       63171
        7319
       72286
        2946
       36763
       41828
       75794
       45177
       21779
        5480
       53249
       54940
       10985
       32422
       66295
       39349
       85373
       74202
       10591
       70423
       51540
       59057
       35354
       78824
       36892
       21189
         920
       63330
       39688
       45838
       30798
        9614
       14530
       43448
       55548
        7088
       57869
       32445
       49557
       20326
        8772
       17941
       17899
        7155
        1787
       30404
       78899
       50397
       46439
        2116
       40975
        2149
       23075
       56743
        7138
       54604
       45218
       83276
       51985
       67127
       73621
        1096
       84292
       43009
        9692
       54385
       73667
       70498
       12491
       71641
       13860
        1762
       65814
       61410
       15314
       52353
       31377
       61619
       26303
       37273
       68849
       19363
       73964
       21051
       24238
       17343
       83796
       47874
       50590
       30477
       43429
       83641
       46886
       61314
       81843
       79145
       22396
       74854
       82134
       46001
       12437
       75359
       11365
       24864
       57878
       66134
       23264
       46042
       49748
       19130
       54253
       10580
       70492
        8540
       44354
       74476
       84064
       31289
       55289
       47979
       81147
       24610
       53010
       81999
       52415
       74825
       16050
       30225
       74782
       47297
       39804
       35670
       49336
       26478
       83532
       27453
       81107
       21464
       24550
       22500
       78909
       49420
        5449
       39414
       44360
       11236
       31667
       16195
       51081
       27389
       17415
       57928
       13238
       65299
       79265
       74042
       65153
       12987
       24940
       34162
       61598
       39811
       54671
       73625
       56145
       69081
       26785
       14268
       22294
       36839
       84492
       66549
       46991
       75960
       50477
       70225
       42575
       25119
       30346
       16002
       56242
       80884
       39574
       52574
       21097
       20848
       69665
        5532
       42525
       16839
       36712
       23794
       60646
       26422
       60042
       10027
       56605
        9321
        1868
       70846
       54798
        1162
       53075
       30651
        3294
       57831
       71423
       66353
        1481
       26083
       41324
       70796
       61762
       34286
       34629
       43418
       58311
       36904
       62101
       12195
       21692
       79016
       56589
       41610
       83945
       23922
       11252
       22085
       68119
       25160
       11313
       55661
       33714
       51963
       42474
       56060
       56618
       48909
       28861
       81064
       54058
       37089
       64182
       48805
       63942
       36435
       69026
        5596
       16746
       11748
       70721
       40227
         212
       38471
       16680
       58337
       53733
       33964
       44341
       41528
       19342
       30415
       45017
       69066
       74452
       67814
       39757
       75678
       27699
       41693
       33434
       61730
       34922
       11086
       69672
       11647
       82306
       17352
       37723
       34041
       57442
       16459
       55344
       11527
       75218
       53603
       18758
       23806
       22570
       76862
       18387
       21508
       73371
       39711
       74823
       62738
       56643
       20456
       71650
       43940
       75480
       51098
        1740
       79504
       10589
       28452
       70612
       45319
       56374
       66483
       10218
       59791
       67557
        2603
       79460
       82668
       44381
       27202
       23891
       85715
       63100
       14551
       81906
       57180
       36992
       16972
       53098
       83587
       43681
       60298
       65376
          35
       65022
       71655
       18426
        1028
       35582
       38352
       74154
       76643
       25380
       43797
       13122
       51450
           7
       46472
       45946
       59477
       34498
       73622
       25598
        8060
       59912
       45255
       44765
       40642
       31781
       72921
       82379
       35209
       69456
       32677
       29893
       61632
       12505
        3087
       49799
       33377
       41726
       56349
       50319
       69613
        1991
       47934
       69400
       77036
       30080
        9865
       84179
       81684
       82319
       45785
        2855
       46039
       73734
       65158
       50049
       12406
       42444
       43929
       47455
       22074
       18523
       30620
       17848
       62558
       83409
       58963
       26686
       70370
       24144
       28046
         788
         619
       82641
       77356
       62606
       66222
       10574
       49160
       50862
       57567
       55513
        2086
       84890
       32842
       18318
       47214
       27324
       50653
        6559
       62485
       55895
       17628
       38317
       73612
       55310
        7568
       72618
       76871
       48905
       22347
       72390
       38992
       31445
       25534
       63259
       29704
       23411
       71664
       10778
       84420
       66902
       36590
       21317
       80575
       76887
       61700
       67313
       42779
       53083
       71434
       31158
       48813
       79084
        9301
       37114
       77695
       44789
       29271
       34172
       63941
       67585
       18687
       81668
       14150
       82371
       11177
       15787
       64958
       21980
       33914
       74724
       77800
       30414
       30046
       22381
       57541
       55978
       64447
       38453
       30972
       38768
       41272
       15414
       23888
       48531
       32929
       42005
       38765
       77973
       38331
       68708
       48972
       35715
       55011
       84251
         126
        5632
       63898
       73384
       45563
       65605
       82448
        7516
       78944
       18492
       79493
       25847
       44816
       44165
       27477
       33432
       84913
       22164
       64665
        4930
       27318
       68987
       73333
       56814
       80475
       82424
       75492
       43175
       33101
       58048
       31910
        5909
        6404
       46344
       71826
       62359
       18395
       14920
        9812
       79650
       49335
        5849
       78371
       52909
        3393
       67164
       10081
       76079
       21835
        2843
       22422
       17689
       45541
       46587
         125
       12994
       11490
       64086
       48475
       18756
       69842
       52375
       55661
       32471
       21989
       80322
       46231
       34192
       31313
        4875
       47725
       47898
       35519
       79500
       27934
       67616
       32356
       82536
       10713
       67439
       42994
       36397
       31326
       16008
       18745
       18724
       75636
       21688
       51319
       59021
       23605
       32394
       30079
       25674
       85481
       19069
       54537
       84678
       19021
       25120
       46711
       63757
       25204
       57716
       82091
        9467
       51976
       77549
       30772
       46827
       24721
       37676
       84712
       81398
       53685
       41499
       42126
       62577
       81454
       49091
       74554
       18894
       32329
       56814
       39794
       11460
        2385
       20049
       63734
        2825
       20585
       25404
       50646
       31046
       72456
       81468
       52590
       25946
       59120
       65994
       62844
          19
       45245
       49440
       13186
       21671
       83608
        5904
       34723
       26088
       51342
        7700
       66716
       84701
       54389
       82268
       55577
       59323
       41466
       66969
       50009
       81984
       33321
        8083
        2525
       54895
       37350
       18212
       46320
       61766
       66861
       31567
       63949
       67621
       12402
       27974
       69955
       62225
       16246
       49160
       71538
       15826
       12137
       72109
       16845
       45835
       53174
       69578
       50930
       83348
       44660
       39612
       61912
       27909
       66417
       59604
       77977
       82047
       85623
       54617
       73344
       63640
       72753
       59007
       37091
       37061
       34436
       24033
       22220
       15706
       18575
       25249
       84954
       73607
       39717
       85228
       80383
        6829
       32326
       27091
       37470
       39353
        8908
       21583
       54127
        6977
       34837
       33525
        5991
       43916
       63490
       46588
       34731
       24104
       45429
       27190
       54339
       68508
       67634
       27742
       54480
       79892
       64594
       18737
       47283
       58683
       18616
         807
       36357
       54619
       43199
       73065
         663
       79488
         986
       57453
        3626
        8146
       29389
       67918
       81146
       47724
       41579
        3145
       50100
       11251
       66048
       21866
       64167
       34206
       75500
       50081
       77036
       58245
       55577
       17656
       83785
       72938
       81137
       12206
       53768
       77850
       55643
       56830
       84006
       13541
       72210
       28018
       41337
       51817
       76130
       64171
       15626
         145
       82940
       67126
       20339
       40770
       62983
       10661
       55947
       61558
       76558
        6351
       84036
       25503
       76670
       82816
       84442
       15302
       73574
       70017
       67950
        7736
       57302
       42823
       80237
       76488
       48073
       42000
        3729
       21126
       60940
       59780
       52203
       47105
       11013
       71984
       64009
       32891
       14961
       48084
        7391
       57221
       17054
       11248
       45446
       62472
       68961
       75403
       84752
       24734
       85097
       56908
          71
       36558
       22113
        4395
       70315
       62204
       29612
       73286
       10365
       66429
       36813
       41075
        5458
       84614
       74250
       38549
       53427
       14526
       76659
       77106
       29977
       43536
        5047
       25528
       17240
       38497
       33355
       48201
       66005
       21410
       40512
       32766
       58879
       35977
       77135
       66494
       10483
       71434
       79157
       22872
       85812
       82253
       35944
        3935
       75189
        2156
       65873
       59943
       21307
       25789
       68282
       17913
       12150
       43758
        1915
       65719
       77587
       81630
       63332
       30871
       39475
       80864
       36855
       60024
       42139
       41740
       34000
       11740
       10419
       68530
       26380
       46993
       13011
       50829
       46598
       65618
       29502
       55492
       44732
       33417
       34116
       35794
       27303
       12008
       34894
       22737
       38395
       65383
       52540
       72712
        6607
       73825
        8393
       61937
       31149
        9239
       63967
       43343
       18824
       75356
       55732
       45712
       57755
       37677
       81363
       54951
       31328
       27175
       58794
         433
       51956
       50057
       17741
       39852
       85308
       47223
       33985
       29655
       58149
       27003
       69007
       67446
        3503
       67102
       16436
       14489
       17616
       54906
       81440
        3842
       66087
       45835
       80480
       74386
        1370
       13082
        7282
        7423
       68023
       53285
       53675
       40350
       32465
       75354
       32651
        7051
       78745
       46916
        9503
       68526
       59462
        1913
       53908
       47109
       78189
        1244
       44676
       17966
       42551
       13036
       56324
       32337
       29900
       67503
       79410
        7839
       25922
       13448
       27654
       56569
       76821
       58613
       85127
       44874
       47870
       54209
       13859
       50082
       39278
       32708
       17045
       70219
       46267
       32192
       27931
       29039
       27009
       13660
        2997
       23564
       10788
       67706
       74182
       49633
       63106
       32644
       31419
       40920
       79002
       48305
       80211
       57986
       18653
       64660
       42462
       43961
       61318
       24858
       84763
       16312
       32805
       36503
       24826
       54538
       50706
       43109
       57355
       52660
       26400
       62102
       71805
       14488
       48532
       18570
       34069
       37909
       19887
       35356
       55326
       78153
       60281
       84984
        7482
       25954
       25464
       21145
       67038
       59577
       34791
       17853
       46603
       61236
       80379
       61220
       48893
       30700
        8815
       45287
       36315
       37795
       15875
       67759
       35581
       43986
       17868
       26943
       63342
       50002
        6770
        3483
       74168
       47443
       68891
       35848
       71538
       41100
       29745
       45789
       75533
       84227
       79703
       54755
       16852
       82589
       54884
        9689
       29964
        8599
       14109
       60355
       48460
       53396
       39078
       68250
       56167
       32830
       48276
       74424
       18874
       32538
       30380
        8253
       49688
       30415
        9812
       67148
       53261
       60464
         665
       77526
       51906
        4146
       40822
        5405
        1489
       61747
       66011
       71961
       72289
       85033
       74946
       80908
       25738
       57085
       44521
       60720
       51454
        9889
        7026
       30841
       84132
       72051
       23267
       26807
       22334
       12846
       63166
       39256
       53462
        1482
       71973
       11146
       72292
       13221
       81838
       40612
       66134
       74366
       29103
       40369
       38772
       62728
       56233
       45017
       85280
       53922
       12301
       30127
       62199
       17636
       16396
       60241
        9309
       58701
       77206
       68780
       45039
       27799
       38387
        6504
       76982
       41197
       77195
       80062
        4721
         623
       14902
       19152
       46405
       35280
       19394
        5417
       23087
       58048
         455
       32921
        2418
       30602
       20936
       46305
       83723
       59723
         390
       29441
        6714
        8910
        5889
       16221
       19842
       79528
       28578
       55465
        5421
       46088
       27250
       17947
       28478
       40042
       80817
       81538
       48065
       65315
       71169
       28663
        3607
       73971
        5832
       26445
       73135
       72193
       19859
       71132
       45190
       26642
       55014
       26356
       85155
       45825
       42871
       78615
       25157
       38923
       21388
       54959
       81393
         768
       43091
       47897
       33548
       63140
       10166
       85500
        9486
       27644
       12278
       13430
       78842
        8893
       62670
       49934
        1799
       52957
       53498
       50711
       69531
       72505
       48985
       29658
       82303
       75437
       34917
       60138
       72961
       43123
       71525
       38617
       26944
       20098
       24459
       74228
       79911
       34532
       22431
       28720
        3595
        5416
       66689
       55026
       50677
        7131
       73512
       36185
       28780
       56811
       58543
       56152
       37433
       26861
       25105
       47155
       76902
       67298
       44623
       30564
       59972
       80743
       73004
       26358
       61985
       25200
       62154
       24609
       33014
       73608
       48362
        5960
       64549
       84051
       10315
       70570
       31358
       36112
       42104
       15294
        1541
        7677
       14871
       57783
       85315
        8931
       85535
       45497
       35914
       19336
        7497
       27414
       42547
       54603
       57545
       82946
       29459
       47085
       51813
       84087
       65381
       45302
        5387
       11498
       76957
        3082
        3910
       53638
       84765
       73117
       67866
        2182
       18480
       80677
       10328
       30080
       19073
       10197
       82532
       22248
       71120
       20834
       39048
       30415
       73134
       43333
       79547
       30789
       46481
       51599
       66821
       13552
       13393
       50883
       85514
       81912
        8044
       50833
       17663
       82977
       80781
       52201
       80615
       52448
       59847
       16794
       64310
       61163
       21707
        1538
       27038
       60567
       74679
       39487
       32479
       85126
       57122
       28332
       17451
       77646
       70748
       16482
       28556
       41112
       14674
       64385
       82477
       85263
       44832
       75431
       43399
       76765
       41101
       29151
       74588
       25191
        4112
       84560
         642
       17568
       42962
       41678
       25240
       13170
       49973
       15402
       12916
       26159
       51615
       74715
       63756
       84779
       14598
       56565
       72662
       59026
       11171
       73143
       76986
       78237
       55924
       43452
       58348
       58300
       26567
       78619
       55383
       61542
       11755
       60602
       74241
       46135
        5990
       72571
       46086
       51710
       84795
       57628
       13173
       34941
       56688
       40652
       58232
       75875
       83197
        2551
       20672
       64122
       36459
       13848
       77582
       22999
       22994
       49843
       53799
       24433
       82343
       37060
       43363
       30036
       67937
        8135
       80397
       29986
       29406
       67838
       54254
       72211
       28356
       68680
       70151
        8985
       74477
       39118
       12192
       51507
       66264
       74220
       85158
       82923
       60453
        7012
       29353
       45674
       57563
       33391
       75809
       67473
       50639
       74796
        9662
       16035
       42497
       63208
       58880
       68704
        9419
       67179
       13752
       75113
       10460
       53421
       48845
       37434
       29873
       41632
       63328
       41654
       63394
       34985
       56284
       77487
        8351
       37022
       33648
       30671
       43979
       80704
       79169
       68873
       19865
        2161
       53848
        2787
       77944
       16662
       24237
       78266
       63366
       81671
       49175
       40790
       69878
       81637
        3330
       75646
       51618
       78175
       19264
       67760
       38072
       27728
       58705
       62598
       19931
       81637
        1804
       67689
       31984
       28192
       35978
       18719
       59297
       10487
        8451
       58796
       48981
       76446
       66824
       34015
        8558
       35768
       51254
       82744
       70841
       54711
       10351
       76323
       17241
       70644
       71890
        5740
       67082
       24955
       46440
       25355
       38641
       33502
       31152
       33137
       70868
       49347
       73408
       14387
       21024
       11670
       35212
       38406
       15685
       78555
       54296
        5418
       67638
        3961
       49984
        1182
       69348
       23336
       14591
       73260
       27769
       27196
       53114
       83139
       75335
       74443
       67888
       84149
       79702
       42696
        8703
        4611
       64983
       31592
        6612
       34983
       50244
       49246
        6298
       37217
       22917
       72202
       70980
       60833
       43246
       18779
       59226
        8947
       41373
        5303
       25277
        5233
       52892
       45366
       64650
       53166
        7824
        6816
       14294
       64013
       69261
       29349
       60034
       38873
       85782
       72869
       55836
       75013
        2848
       44688
       84246
       10112
       70038
       32933
       74247
       36072
       83031
       66507
       11156
       36369
       29899
       16652
       21323
       50045
       15262
       24523
       76701
       46379
       56221
       60165
       18024
       17307
       23311
       47619
       28919
        3255
       62642
       63483
       16492
       47939
        3437
       12697
        4305
       68522
       80808
       56730
       44111
       24473
       14432
       51352
       17555
       25974
       19414
       36173
       53207
       36738
       13208
       55237
       80790
       21989
       48856
       11553
       56983
       46598
       76570
       26698
       74757
       69552
       55684
       75403
       51742
        4256
       11049
       43176
       30779
       49629
       44345
       38158
       85264
       26389
       34615
       21188
         985
       37588
       48943
       85430
       12216
       75958
       82746
       72798
       82804
       34249
       40439
       12180
       37753
       61020
       23985
        1712
       43007
       62145
       85065
       19665
       30374
       70470
       62849
       42281
       35911
       46964
       46028
       18933
       48583
       12654
       26095
       76195
       55228
       43895
       43266
       68730
       68397
       69238
       30756
       23289
       50966
       14140
       84858
       79444
       16847
       50671
       51900
       51822
       68818
       31853
       75785
       46334
       80272
       26992
       68316
       37984
       39102
       32341
       14596
       26424
       15230
       17728
       39442
       70594
       79516
       37135
       22563
       64587
       46783
       77838
        9691
       78838
       85474
       65813
       63585
       36059
       30260
       11950
       30623
       54048
       79969
        4736
        9908
       38718
       19320
       44137
        5013
       24808
       70663
       47705
       76817
        2600
        2879
       35401
        1072
       12402
       81829
       80446
       11240
        3331
       44930
        8318
       54088
       52794
        8291
       73227
       15756
       65855
       13714
       69853
       26168
       64528
       12152
       69668
       36069
       18094
       52951
       37033
       77405
       34861
       40603
        1278
       13656
        9434
       20490
        5000
       27341
       42973
       49057
       81349
       61925
       20242
       38852
       38267
       58025
       74053
       15920
        3593
       60803
       53005
        4872
       14691
       49800
       34488
       31643
       61537
       35136
       37260
       40962
       22223
        5611
       64683
       22375
       21345
       75138
        7499
       48296
       37019
       51639
       64068
       24861
       12383
       79196
         905
       11088
       22030
       68472
       32917
       21840
        1055
       26058
       70982
       29472
       70584
       65492
       38164
       74346
       54711
       41332
       34198
       45614
       61125
        8084
         609
        4486
       18649
       72778
       60438
        2528
       23327
       25212
       28649
       36171
       82579
       70229
       73006
       20681
       33226
       59942
       25157
       29664
        5942
       79824
       39963
       22602
       29457
       68820
       57597
       85185
       63592
       70392
       35495
       80507
        4218
       81879
       13556
       39307
       84499
       66080
       82089
        5942
       19533
         531
       15588
       15172
       39794
       72341
       81547
       71196
       47266
       79593
       65789
       14447
       37441
       33842
       45188
       30670
        2726
       83670
       53276
       45426
       83774
       39824
       29826
       21664
       29214
       53301
       50755
       80665
       70453
       76066
       38199
        6318
       41977
       30803
       69961
        7859
       64020
        7203
       17534
       22313
       13194
       12125
       62380
       14836
       66913
       47872
       32335
       51120
       80913
       30783
       49530
        5816
       71715
       24226
       23696
       29286
       71830
       26575
        4129
       84480
       39143
        6007
        9345
       80381
       53290
       34683
       57079
       34281
       37603
       70780
        9848
       21263
       30074
       23774
       44624
       75960
       28884
       65134
       20594
       40948
       11175
       28464
       55685
       20167
       76829
       60112
        3673
       47607
       80000
         353
       56716
       18784
       51209
       37803
       50626
       43308
       68053
       76074
       49075
       52903
       36355
       18936
        3762
       69721
       42577
       72642
       54354
        1652
       19646
       36049
       50313
       20625
       79982
       68955
       83287
        1235
       71389
       79294
       76189
       49182
       63396
       74844
       42910
       39116
       72994
       53686
       25895
       25168
       27875
       72623
        9167
       77579
        4257
       20282
       28581
       14283
       30238
        7116
       57880
       74740
       75134
       11979
       60941
       42306
       10627
       85087
        6644
       65592
       83296
        7936
       34385
        2656
         767
        5116
       32748
       19975
       81779
       12471
       47327
       33003
       66249
       70119
       12607
       19327
       43253
       36727
       11233
       41928
       32147
       21449
       31612
       44831
       41270
        9082
       80750
       60032
       28059
       27494
       70222
       13211
       60323
       67501
       80332
       78200
       69311
       68839
       21320
       40448
       74119
       63935
       52323
       49713
       26278
        3100
       38878
       54543
       55869
       18457
       60461
       49316
       52647
       57677
       46391
       26551
       78573
       63568
       84480
       42222
       11285
       53269
       24117
       76041
       65991
       40685
       50348
       36444
       25909
       36576
       13627
       54413
       10195
        5443
        5399
       15905
       36596
       62391
       41319
       11462
       52476
       23290
        7868
       55381
       27896
       70150
       44382
       75657
       51500
       69546
       66354
       77339
       43606
       82081
       79377
       59837
       71697
       48677
       57653
       85260
        8281
       25139
       15222
       15561
       36030
       22652
       16838
       70376
       29351
       81380
       70165
       39548
       44743
       45621
       81001
        6768
       76226
       28176
       65704
       44939
       64836
       39145
       26965
        1779
       15578
        9750
       16623
       20434
       82611
       63015
       76062
       63341
        8094
       46111
       42101
       45622
       39539
       51527
       32250
       16473
       58603
       55899
       75655
       42751
       21232
       50515
       55377
       26103
       19443
       64656
        3225
        9076
       45211
       83474
       39752
       34580
       57181
        8577
       54789
       24576
       58592
       59030
       49584
       20392
       56129
       75678
       84593
       35662
       78636
       41117
       52042
       64753
       50890
       76170
       34723
       16380
       65616
       80656
       27863
        1728
       32616
       69805
       70529
        9328
       81009
       26660
       36198
        2030
       72965
       23592
       28565
       53439
       10435
       28549
       41799
       64321
       82359
       48498
       75939
       31045
       44180
        8274
       47049
       58749
       66924
        6110
       28718
       71624
       33241
       70419
       15172
       41998
       18421
       43116
       21476
       84391
       79970
       51972
       48759
       40271
       48882
       81529
       37046
       31475
       82949
       38873
       57568
       56321
       33961
       17339
       75087
       50176
       13181
       53502
       68114
        4536
       30513
       75734
        9916
       51497
       19065
       36348
       55791
       70230
       85000
       68130
       41513
       44066
       38961
       29908
       45839
       65740
       58389
        2553
       61681
         463
       33446
       69339
       15589
       83040
       47055
       85445
       65239
       45022
       11387
       74896
       25118
       20798
       59298
       36790
       55295
        1195
        7413
       37762
       18085
       30136
       20111
       72346
       38857
       84782
       52980
       12861
       55597
       57545
       47248
       37761
        8141
       43464
        4640
        5605
        4953
       67862
       28699
       84807
       38758
       80604
       51430
       61686
       57897
       56396
       23092
       78736
       53403
       38323
       41889
        5868
        3524
       23063
       73810
       56252
       36454
          38
       46016
        8679
       46716
       46906
       62271
       77079
       42355
        2525
       44494
       83899
       82825
        8072
       38021
       21778
        7911
        7415
       38140
        4577
       65230
       59227
       76054
       10529
       49598
       45162
       24202
       10484
       77232
       11313
       80347
       74158
       70608
       42392
       15431
       76682
       51957
       65287
       14788
        5059
       83990
       54534
       70814
       20536
       50105
       75394
       22827
        9171
       26994
          49
       40890
       72891
        3972
       54430
       76911
       30000
        6268
       21894
       63994
        3434
       64306
       79475
       25848
       81986
       52874
       39223
       52404
       80673
       74954
        1414
       15941
        1203
       24188
       49044
       84558
       48552
       40869
       49829
       19275
       46418
       81843
       76299
       61726
       82191
       75045
       33502
        4207
       83366
       83902
       75836
       65874
       13660
       49100
       42239
       64459
       85307
       24520
       53606
       27193
       16205
       64575
       17071
       16589
       84441
       40036
       71122
        9986
       29958
        9603
        7897
       11819
       40291
       20865
        5319
       84970
       50256
       64594
         676
       45164
         319
       13910
       79460
       72690
       59055
       51907
        3651
       35277
       33308
       60311
       79825
       63349
       64748
       55919
       52805
       56368
       37482
       13963
       39762
       69265
       12915
       15223
       22781
       56709
       31563
       52729
       54397
       27297
       20577
         971
       80349
       61168
       28213
       12597
       85685
        8563
        4232
        2499
       80631
       32290
       13527
       50864
       43163
       67578
       45133
       63717
        3472
       54855
       53885
       16931
       61331
       13854
       64971
       82510
        9434
       82132
       43163
       54869
       78572
       70272
       25415
        1428
       83918
       31889
       11164
       41766
       28155
       47095
       55709
       62689
       64972
       58589
       38221
       74074
       42975
       63117
       82198
       42325
       82104
       10415
       26585
       57924
       45185
       39187
       44353
       23497
        4620
       85267
       83145
       14320
       50723
       51407
       10027
       35922
       23673
       21400
        5815
       67715
       57145
       79631
       34632
        6111
       75984
       18781
       10001
       48373
       81877
        4865
       43776
       42940
       25183
       66558
        5648
       54034
       65464
       17225
       26196
       33290
       49579
       61136
       85204
       82342
        4973
        2791
       47692
       13535
       82502
       63930
       51111
       54123
       51559
       75681
       75759
       78199
       12374
       13131
       77637
       43132
       69045
       56852
       54413
       19504
       69235
       48528
       63544
       75557
       71421
       66884
       66047
       40341
        5092
       32485
       35480
       21092
       56640
       31309
       38584
       46141
       40535
       61632
       23487
       35242
       26146
        4569
       17934
       78575
       39595
        3557
       73931
       45200
       62376
       47195
       67614
       25159
       69865
       37451
       77603
       47349
       46518
       45659
       36184
       30549
       84602
       66441
        6135
       62262
       39738
       66483
       59550
       65800
       27251
       22896
       31633
       57107
       29037
       22138
       75076
       37337
       63037
       64821
       47857
       84867
       49670
       41162
       38089
       60259
       19290
       21056
       37933
       16112
       58129
       23281
       22262
       20805
       73038
        8595
        1856
       84465
       16193
       41890
       84584
       20937
       42765
       41937
       70338
       10707
       22878
       31545
       67344
       46085
       27349
       20048
       49674
       37753
       81584
       66013
       14648
       38952
       61524
       14937
       35829
       39293
       49964
       53330
        8818
       81230
       16175
       34398
        9670
       13788
       84034
       60744
       61500
       38266
       26424
       14887
        7611
       70963
       35691
       76988
       22614
       29152
       18540
       20444
       72453
       11066
        4631
       25270
       69134
       29509
       52471
       70313
       57882
       65850
       37985
       49076
       32500
       34837
         502
       35371
       67145
       30851
       83148
       10916
       13176
       11338
       14344
       52240
       38121
        6207
       36723
        1061
       76125
        7084
       30660
       62438
       10279
       21392
       41916
       40163
       80085
       29519
       11205
        2483
       77986
       47366
       33046
       82693
       15236
        7310
        8318
        6984
        9886
       44740
       60246
       47029
       50365
       64344
       31508
       43231
       26045
       63018
        5366
       38508
       71776
       73561
        9410
       43987
        1807
       50053
       64341
       11688
       69095
       20207
        2685
       85311
       33415
       68352
       33644
        4845
        5692
       33345
       63869
       68984
       77765
        6291
       14264
       31076
       54049
       45889
       36748
       40968
       35620
       12871
       22823
       71451
       32721
       60110
       59268
       69646
       27140
       28198
       66264
       83998
        3304
       39080
       76198
       63902
       60988
        2466
       29882
       55239
       52932
       31296
       27316
       33212
       72028
       16034
       68559
       54548
       20896
       69396
       44447
       34918
       64541
        6865
       39850
       80294
        8211
       66159
        2980
       70581
       84851
       21364
       69926
       80098
       72305
       10878
       58787
       65327
       63448
       65846
       80909
       65664
       75918
       59541
        2979
       63191
       63126
       24247
       63404
       55959
       24933
       26058
       79744
       77022
       47059
       77627
       54535
       36230
       52849
       69833
       26294
       74585
       46231
        7905
       23103
       69154
       61150
       22999
       36999
       26270
       68301
       65310
       23025
       28433
       58190
       18304
       47743
       68139
        6903
        2043
       19054
       35726
       73907
       80311
       10938
       43769
       32594
        7066
       73999
       74541
       77284
        6280
       14433
       25287
       59367
       10271
       27124
       21086
       26165
       36948
       35482
       28445
        1354
       52781
       42255
       23257
        4941
       77975
        5067
       50988
        7595
       80797
       71570
       74499
       12752
        5513
       16702
       75142
        6430
       37975
       76724
       74694
       62260
       47981
        8583
       66899
       17047
       16487
       61226
       75612
       19206
        4346
       11225
       17588
       80042
       36540
       41587
        5550
       51641
       70743
       80685
       72166
       79218
       39588
       27706
       37021
       49275
        7637
       70421
       68014
       77261
       25665
       73962
       35849
       63277
       37623
       20228
       24806
       48471
       55122
       67325
       42037
       35474
       32551
       20442
        8270
       15657
       57416
       43335
        1535
       25954
       45678
       71297
       73958
       62535
       27957
       16508
       48740
       66981
       33817
        6600
       57402
       73676
       29501
       37616
       67927
       79998
       20235
       57575
        5224
       54490
       73912
       83103
       21305
       75387
       58573
       38929
       43830
       30897
       54643
       53440
       35240
       57013
        5731
       45816
       21383
       47494
       41120
       18668
       53957
       62894
       32920
       44579
       33635
       44252
       11993
        3334
       47455
       40229
       33444
       55275
       61618
       80085
       75378
        9970
       81244
       23662
       14334
       68489
       58448
       20620
       81886
       56678
       13102
       67339
       62228
       31296
       40168
       36204
       67046
       77383
       76027
       55909
       60192
       23019
       55916
       25692
       19008
       61180
       47585
       11603
       44466
       73180
       71456
       28768
       68387
       19751
       66196
        5264
        5470
       40068
       39955
       12272
        4814
       19748
       34395
       63351
       68876
       36119
       32682
       63899
       30071
       53582
       61778
       55920
       39484
       56163
       35176
       67980
        6552
       75640
       18878
       52632
        6006
       18366
       47936
       49776
       44026
       29576
       50900
       43891
       35722
       43659
       27081
       78990
        5285
       38447
       36452
       67311
       67557
       60444
       38343
       12840
       71642
       32457
       74045
       10061
       17392
       54848
       64590
       37652
       18298
       27791
       37161
       14990
       34646
       29941
       56042
       46260
       26982
       28447
         474
       36936
        2644
       49764
        3329
       35618
       39275
       52507
       41461
        8627
       40318
       32842
        5163
       28488
       76397
       41888
       68457
       53155
       79417
       41415
       66639
       67793
       12258
       46582
        2110
       21874
       35889
       63306
       10842
       64669
        7047
       29925
       77558
       67833
       61151
       73939
       28566
       38849
       41934
       56426
       48671
        4752
       60587
       72377
       38574
        1046
       79105
       70782
       29417
       68227
        1677
       39700
       43782
       51983
       12694
       39953
       47571
       12372
       55317
       14856
        6608
        6674
       61741
       75060
       75949
        1377
       29694
       71183
       70847
       40858
       47959
       63463
       84590
        6418
        4545
       51299
       52477
         718
       65550
       10188
       18891
       60425
       27221
        4885
       33854
       43353
       75264
       52357
       24390
       41292
       28377
       31459
       63127
       63835
       39578
       42965
       53080
       70080
        7160
       35283
       68527
       54241
       47549
       73382
       50239
       84387
       52342
       36454
        3155
       44319
       34228
       25235
       69006
       71220
       58505
        4000
       72596
       70458
       49441
       35911
        8975
        4886
       72804
       77288
       51963
       18245
       22108
       73781
       56777
       81514
       84341
       42367
       67993
       36969
       45605
       81791
       53087
       70912
       62143
       72895
       76077
       85162
       54678
       32989
       72193
       34585
        6899
       70531
       40558
       66052
       53607
       13739
       74613
       25917
       15816
       22807
       67110
       65920
       84857
       40037
       38473
       23870
       77630
       64362
       41870
       26165
       54718
       24075
       35614
       22661
       44844
       43257
       56852
       47606
        8725
       24653
       20702
       44118
       53269
       47416
       79758
       62761
       45733
       70642
       52960
       78411
       37702
       50714
       15851
       25925
       46165
       65299
       44635
       14386
       16565