    65    66     1
    24    24     1
    28    27     1
    46    45     1
    85    86     1
    16    16     0
   133   122     1
    24    24     1
    30    29     1
   173   174     1
   125   125     1
     7     7     0
    11     8     1
   221   220     1
   109   104     1
    10    10     0
    81    81     1
    42    36     1
    15    15     0
    12    11     1
    99   107     1
   215   220     1
    18    18     0
   111   108     1
    36    34     1
     7     7     0
    35    35     1
    11    12     1
   224   224     0
    71    71     1
    17    17     0
     6     6     0
    14    14     1
   115   115     1
    16    16     0
    96    93     1
   116   114     1
   117   112     1
   225   226     1
     7     7     0
     6     5     0
   112   112     1
    15    15     0
     5     5     0
    97    93     1
   181   205     1
    76    82     1
    81    94     1
    56    55     1
    20    20     0
   126   122     1
   122   122     1
   216   216     1
   222   224     1
   110   109     1
   107   110     1
    90    95     1
    15    15     0
     4     5     1
   213   212     1
    20    19     0
    14    14     1
     5     5     0
     9     9     1
     6     6     0
     5     5     0
     5     5     0
    19    18     1
   127   109     1
     6     6     0
   107   103     1
    17    16     1
    12    12     1
     5     5     0
   100   100     1
    22    21     1
    53    61     1
     6     6     0
    14    15     1
    85    81     1
    30    30     1
    15    15     0
     7     7     0
    29    29     1
    25    25     0
    95    95     1
    10    10     0
     5     5     0
   126   128     1
     7     7     0
     7     7     0
    20    20     1
     6     6     0
    12    12     0
     5     5     0
     8     8     0
    96    97     1
   132   131     1
   111   106     1
     5     5     0
    10     9     1
   188   188     1
    25    26     1
    18    18     0
     5     5     0
     5     5     0
    13    13     0
     5     5     0
    86    85     1
   215   219     1
    79    80     1
   120   117     1
   173   170     1
    28    28     1
    16    16     0
     5     5     0
   175   189     1
     7     7     0
     6     6     0
   201   201     1
   219   220     1
    14    13     0
    25    24     1
   113   111     1
    13    13     0
    13    14     1
    73    85     1
    20    20     0
   221   221     0
    73    72     1
   101   101     1
    25    25     1
     7     6     0
   134   153     1
     5     5     0
    19    19     0
    18    18     0
     5     5     0
    82    82     1
   134   132     1
    73    82     1
    20    19     1
     5     7     0
    11    11     0
    51    54     1
   225   225     1
     6     6     0
    14    14     1
    19    18     0
    31    28     0
    18    18     0
    46    43     1
    64    77     1
    97    96     1
    82    87     1
    53    53     1
     6     6     0
    39    36     1
   223   228     1
    13    13     1
    26    26     0
    14    14     0
    24    23     1
    19    21     1
     5     5     0
   215   218     1
     5     5     0
   221   222     1
   230   228     1
   113   110     1
     6     6     0
    17    17     1
     8     9     1
     5     5     0
     7     7     0
    40    45     1
   120   113     1
    12    12     0
     6     6     0
    18    18     0
     5     5     0
    34    26     1
    28    27     0
   122   118     1
    23    21     0
    87    86     1
     8     7     0
    10    10     0
     5     5     0
   229   228     1
    29    30     1
    31    29     1
     6     6     0
    24    24     0
    15    15     0
   226   226     1
   116   113     1
    25    27     1
     4     5     0
     7     6     0
     7     6     0
    11    12     0
     6     6     0
    19    19     0
     8     8     0
    16    16     0
    48    48     1
    15    15     0
    60    59     1
   210   209     1
    11    11     0
     6     6     0
   116   117     1
    43    43     1
     6     6     0
     6     6     0
    61    57     1
     5     5     0
     7     7     0
    16    16     0
    16    16     1
    77    77     1
     5     5     0
   113   114     1
    36    35     1
    18    19     1
     9     9     1
     6     6     0
    10     8     0
   200   194     1
    25    26     1
    46    47     1
   204   201     1
    18    17     1
    11    11     1
    17    17     0
   136   126     1
     6     6     0
    31    32     1
     6     6     0
    17    14     0
    87    87     1
    12    12     1
    10    10     0
    29    27     0
   226   224     1
   219   220     1
    24    24     1
    22    22     1
    82    84     1
    77    79     1
    24    24     0
   139   138     1
    64    67     1
    33    33     1
     9     9     0
    22    22     1
    93    94     1
   219   219     1
    26    26     1
    83    83     1
    71    71     1
     5     5     0
     9    10     0
    15    16     0
   128   116     1
    13    13     0
   146   144     1
   148   138     1
   108   101     1
    82    82     1
    19    19     0
     8     8     0
   163   158     1
   133   126     1
   104   100     1
     5     5     0
     6     6     0
    14    14     0
     8     8     0
     4     5     0
   119   119     1
    13    14     1
     6     6     0
     7     8     0
    10    11     0
    33    39     1
   105    96     1
    10    11     0
    19    19     0
    17    16     1
   134   134     1
     7     7     0
    15    16     0
   214   183     1
   185   199     1
    28    27     1
     6     6     0
    16    16     0
   227   226     0
   117   117     1
     6     6     0
    19    17     1
    19    19     1
    51    59     1
   147   129     1
    82    81     1
    25    29     1
   193   202     1
   231   228     1
    15    15     0
   187   204     1
     5     5     0
    23    23     1
    81    82     1
    10    10     0
    73    74     1
   120   118     1
    12    12     0
     5     5     0
   111   125     1
     4     4     0
    83    88     1
     5     5     0
   117   113     1
   162   142     1
    94    94     1
    23    23     1
   225   227     1
    97    99     1
   119   121     1
    22    23     1
   116   138     1
     9     9     0
    89    91     1
    58    55     1
   112   116     1
    16    16     0
     6     6     0
    15    16     1
    20    20     1
    70    64     1
    19    19     0
     6     6     0
    83    84     1
   122   116     1
    10     9     0
     5     5     0
   218   222     1
    14    15     1
    91    95     1
   132   126     1
    39    30     1
    56    62     1
    81    80     1
   116   121     1
    52    54     1
    32    31     1
   161   162     1
   125   127     1
    13    13     1
    69    76     1
   117   121     1
    23    25     1
    82    84     1
    15    15     0
     5     6     0
    17    17     0
     5     5     0
     5     5     0
   108   113     1
     7     7     0
    47    48     1
   125   119     1
   136   134     1
   119   120     1
     9     9     1
     5     5     0
     5     5     0
    68    69     1
    86    86     1
   119   118     1
     7     7     0
     6     6     0
     7     9     1
   122   126     1
   131   131     1
   225   228     1
    82    84     1
    14    14     1
    38    38     1
    29    30     1
     8     8     0
    10     8     0
   130   123     1
   224   224     0
    14    14     0
    10    10     0
    14    14     0
    84    90     1
   119   118     1
    10    10     0
    19    19     1
    21    22     1
   216   217     1
    81    81     1
    16    16     0
    75    62     1
    21    20     1
    12    12     0
    26    25     1
   209   210     1
    12    11     1
   231   224     1
   193   195     1
    10     9     1
    10    10     0
   100   102     1
   134   133     1
    78    78     1
    27    27     0
    18    18     0
   216   218     1
     6     6     0
    31    30     1
    18    18     0
    83    85     1
    83    84     1
    14    14     0
   130   121     1
    34    48     1
    27    27     1
    22    22     1
    16    16     0
   114   113     1
     8     7     0
    71    72     1
    39    35     1
     7     7     0
   223   223     1
   135   134     1
   112   109     1
     7     7     1
    98    99     1
   224   225     1
    47    44     1
    77    74     1
    11    10     1
    10     9     0
    65    68     1
    34    34     1
    20    20     0
    18    17     0
    18    19     1
    30    30     1
    57    58     1
     4     4     0
    15    15     0
    69    76     1
    17    17     0
    24    24     1
     7     9     1
    12    12     1
     6     6     0
    14    14     1
   225   224     0
     5     5     0
    14    13     0
     6     6     0
   111   113     1
   108    99     1
   144   139     1
   147   139     1
   199   197     1
     5     5     0
     7     7     1
   121   130     1
   119   105     1
     9    11     1
   121   110     1
    62    63     1
   191   186     1
     8     8     0
     5     5     0
    19    20     0
   111   111     1
   124   124     1
   113   107     1
    99    97     1
   116   113     1
    78    80     1
     6     6     0
     9     9     1
    60    62     1
     5     5     0
   121   118     1
     6     6     0
    77    78     1
   115   110     1
   117   116     1
   123   124     1
     4     5     0
    40    42     1
     9    11     1
   125   120     1
   137   134     1
    94    98     1
    19    19     0
   222   224     1
   239   232     1
    20    20     0
    40    44     1
   173   175     1
   117   111     1
   186   180     1
    16    15     1
    10     9     1
     8     7     0
    91   111     1
     7     7     0
    34    34     1
     4     4     0
    91    88     1
    24    24     1
   115   110     1
    20    19     1
     6     6     0
     4     4     0
    26    27     0
    22    22     1
   114   112     1
    31    31     1
    26    26     1
    69    68     1
    19    19     0
   117   116     1
    92    78     1
    18    18     1
    46    46     1
   100   101     1
     6     6     0
    12    10     0
   123   120     1
   224   224     1
   123   119     1
    25    28     1
    66    62     1
     9     9     0
    23    25     1
   139   127     1
   108   105     1
    15    16     0
    54    54     1
    94    94     1
    29    25     1
    86    91     1
     5     5     0
    37    36     1
    15    14     0
   118   118     1
   230   225     1
     5     5     0
    11    11     0
    94    94     1
    17    17     0
    17    17     0
    12     9     0
    31    30     1
    19    16     0
    30    31     1
   179   179     1
     6     6     0
   159   160     1
    16    16     1
   114   118     1
   125   123     1
    46    48     1
    22    22     1
     5     5     0
     9     9     1
     6     7     0
    22    22     0
    79    82     1
    63    68     1
     7     7     0
   191   193     1
    98    90     1
     6     5     0
    92    94     1
    28    29     1
   228   224     1
     5     5     0
   218   218     1
   126   127     1
    35    36     1
   192   191     1
     5     6     0
     6     6     0
    92    94     1
    37    39     1
   124   177     1
     5     5     0
    30    30     1
    15    16     0
    86    79     1
    42    39     1
     4     5     0
   157   172     1
     5     5     0
    26    26     0
   105   100     1
     4     4     0
   229   228     1
     9     9     0
   219   217     1
     4     4     0
    13    13     1
    53    48     1
     6     6     0
    44    43     1
    37    35     1
    14    13     1
    10    10     1
   132   126     1
    24    23     1
    11    11     1
    89    86     1
    23    24     1
   111   106     1
    13    13     0
    25    25     1
     5     5     0
    27    27     1
    17    17     0
    18    17     0
    18    18     1
   213   224     1
    24    26     1
    44    44     1
     5     6     0
    50    48     1
    13    13     1
     7     7     0
    19    20     1
    30    30     0
    71    68     1
   215   218     1
    89    88     1
   223   212     1
    12    12     1
    19    19     0
    77    81     1
    64    66     1
    85    93     1
     6     6     0
    17    16     0
     6     6     0
    91    91     1
   112   128     1
   117   115     1
    96    96     1
    22    25     1
     5     5     0
    65    70     1
    47    47     1
   209   219     1
     6     6     0
    95   112     1
    18    18     0
    77    73     1
     6     6     0
    22    22     0
    34    32     1
    78    82     1
    71    73     1
    64    69     1
    83    90     1
    17    17     0
   147   142     1
    25    25     1
    22    23     1
    13    13     0
    80    82     1
     5     5     0
     8     7     0
     6     6     0
    18    19     0
     6     6     0
    92    86     1
     6     6     0
    15    13     1
   141   139     1
    23    27     1
     9     9     0
   140   138     1
   144   144     1
    16    18     0
     6     7     0
    20    23     1
     6     7     0
    23    23     0
    28    28     1
     5     5     0
     6     6     0
    15    15     1
    15    15     0
    30    29     1
    70    76     1
     9     9     0
    23    23     1
    93    94     1
   211   208     1
   235   228     1
   162   152     1
   231   231     1
     8     8     1
   220   220     0
   208   211     1
    18    16     0
    14    14     0
   151   156     1
    20    20     0
    16    16     0
   112   134     1
    78    78     1
     6     6     0
    18    18     0
    74    74     1
    14    14     0
   225   223     1
     8     7     0
   152   167     1
    19    19     0
   165   155     1
    16    16     1
     5     5     0
     7     8     0
   123   120     1
   112   114     1
    14    14     0
    13    13     1
    16    16     0
    38    37     1
     5     5     0
   171   171     1
   126   125     1
   213   215     1
   123   123     1
   100   100     1
     5     5     0
   113   116     1
     6     6     0
   131   132     1
     9     9     0
    14    13     1
     6     6     0
     4     4     0
   107   111     1
   114   116     1
    82    82     1
   125   128     1
    93   100     1
   204   204     1
     6     6     0
     5     6     0
    72    81     1
    35    34     1
     7     7     0
   225   223     1
    64    58     1
    51    39     1
    16    15     1
    19    18     0
    13    13     0
   139   165     1
    58    60     1
     5     5     0
     8     8     0
    14    14     0
   124   130     1
   188   194     1
    98    94     1
   223   223     1
   225   225     0
   191   182     1
   219   211     1
    58    55     1
    20    19     0
   126   126     1
   122   130     1
    72    74     1
   207   198     1
    16    15     0
    21    19     1
    22    22     0
     8     8     0
    33    34     1
     6     6     0
    76    74     1
   129   126     1
   108   109     1
     7     7     0
   122   117     1
     5     5     0
   101    99     1
    17    17     0
     4     5     0
     8     9     1
   224   224     1
    30    30     1
     6     6     0
   100    97     1
    19    20     1
     6     6     0
    12    12     0
   226   222     1
     6     6     1
    13    13     1
    37    37     1
    18    18     0
   113   111     1
     9     9     0
    20    20     1
    93    97     1
   219   221     1
    24    24     1
    18    18     1
   221   222     1
    21    23     1
   112   112     1
    87    85     1
     5     5     0
    10    10     0
   115   116     1
    31    31     1
    22    22     0
    30    28     1
    74   102     1
    31    31     1
    16    17     0
   106   109     1
    18    18     0
    55    55     1
    10    10     0
    53    55     1
     9     7     0
    18    18     1
    20    20     1
     5     5     0
    84    84     1
    26    29     1
   102   102     1
    77    75     1
    25    25     0
     7     7     0
     6     6     0
    58    54     1
   239   230     1
    15    16     1
     5     5     0
    21    21     0
    16    16     0
    13    11     1
   149   143     1
    97   104     1
    35    37     1
    24    24     1
   100   110     1
    75    81     1
    45    46     1
    17    17     1
   121   122     1
    11    11     1
    15    15     0
     6     7     0
   145   122     1
   137   130     1
    20    20     0
    71    72     1
    81    82     1
     5     5     0
    10    11     0
     8     8     1
   221   221     0
    79    80     1
    73    73     1
    10    10     0
    15    15     0
    10    11     0
    17    15     0
   203   203     1
   109   108     1
    11    11     0
    10    10     0
     6     6     0
    93    92     1
     9     9     0
    71    73     1
   121   121     1
     5     5     0
   176   149     1
   230   231     1
   108   109     1
   226   229     1
     5     5     0
   170   170     1
    21    21     0
     4     4     0
    19    19     0
   201   193     1
   188   196     1
    11    12     1
    15    15     0
   108   110     1
    75    76     1
     6     6     0
    22    21     0
     7     7     0
    20    23     1
     5     5     0
    27    30     1
   115   115     1
    24    24     1
    63    67     1
    40    38     1
    96    96     1
    14    14     1
   132   131     1
   107   110     1
   139   139     1
    11    11     0
   165   165     1
   161   161     1
    29    29     1
     7     7     0
    12    11     1
    12    12     0
   211   224     1
   191   184     1
     6     6     0
   109   109     1
    18    18     0
    25    24     1
    13    13     1
     6     7     0
    78    78     1
    75    76     1
    34    35     1
     7     6     0
   114   120     1
     5     5     0
     6     6     0
    95    94     1
    65    67     1
     6     6     0
     6     6     0
    20    20     1
     6     6     0
     5     5     0
   218   220     1
     7     7     0
   116   118     1
     7     7     0
   186   181     1
   133   130     1
    32    31     1
     5     6     0
   120   132     1
    25    25     1
     5     6     0
   225   214     1
    14    14     1
    21    20     0
    19    23     1
    17    17     0
   224   209     1
    19    19     1
     7     7     0
    12    11     1
     5     5     0
     7     7     0
    94    90     1
    20    20     0
   100   110     1
     4     4     0
     8     8     0
    11    10     0
   108   109     1
    17    17     0
    35    33     1
   136   139     1
    16    13     1
    17    17     0
     8     7     0
    19    19     0
     9     9     0
     5     5     0
   135   127     1
    74    75     1
    13    13     0
    78    76     1
    20    19     0
     6     6     0
    87    76     1
    24    23     1
     8     8     0
    85    73     1
   212   169     1
    38    36     1
     7     7     0
     4     4     0
   175   187     1
    81    81     1
     7     7     0
    89    89     1
   214   159     1
   121   121     1
   112   111     1
    30    30     1
   220   220     1
   187   192     1
   222   222     1
     5     4     0
     5     5     0
   126   126     1
     5     5     0
    81    80     1
   158   153     1
    19    19     1
    20    20     0
   163   147     1
   234   218     1
    73    72     1
    18    18     0
    32    31     1
   105   102     1
    87    82     1
    26    27     1
    15    15     0
     6     6     0
    25    25     1
     6     7     0
    15    15     0
   221   222     1
   118   116     1
    75    87     1
   139   138     1
    14    14     0
   201   190     1
   134   115     1
   197   197     1
    79    79     1
     4     4     1
    17    17     1
   109   104     1
   165   151     1
   131   129     1
   116   117     1
     5     5     0
    32    32     1
     6     6     0
     9     9     1
   227   227     1
    11    10     0
   123   122     1
    28    28     1
     8     8     1
    74    69     1
   127   121     1
     6     6     0
    21    21     0
    10    11     0
   224   228     1
    84    86     1
    37    37     1
    83    84     1
    20    20     0
    28    28     1
    20    20     0
   232   229     1
   207   205     1
    21    21     1
   229   227     1
    98   101     1
   128   128     1
   107   107     1
     6     8     1
   128   127     1
   179   174     1
   126   119     1
    12    14     1
    20    19     0
    15    16     0
     7     6     0
    10    10     0
   135   134     1
   173   167     1
   133   134     1
    21    21     0
    22    21     1
    46    46     1
   122   122     1
   101    97     1
    34    30     1
   171   137     1
    98    86     1
     7     7     0
    93    90     1
    15    14     0
    37    38     1
   123   116     1
   102   103     1
   118   117     1
   133   140     1
   131   128     1
   227   227     1
    22    23     1
    15    14     0
     9     8     0
   135   145     1
    34    33     1
    21    21     0
    84    85     1
   221   222     1
    28    30     1
   138   138     1
   131   130     1
     6     6     0
    12    13     1
    27    28     1
   159   168     1
   117   114     1
    13    14     1
    16    16     0
    74    67     1
   233   229     1
   133   138     1
    34    33     1
     4     4     0
   220   220     1
   129   131     1
    90    99     1
    32    33     1
   122   121     1
     7     8     0
   123   118     1
    21    20     0
     8     8     1
    62    65     1
     6     6     0
    88    90     1
    23    23     1
     6     7     0
    62    62     1
    38    36     1
    25    24     1
    69    68     1
   123   128     1
   214   212     1
    10    10     1
    11    11     1
   100   104     1
    23    23     1
    50    50     1
    13    13     0
     3     4     0
     5     5     0
    40    38     1
     5     5     0
    11    11     1
    15    15     0
    17    17     0
     5     5     0
    12    11     0
   227   227     1
     6     6     0
    16    15     0
    87    91     1
   131   133     1
   135   134     1
     4     4     0
    10    10     0
    18    18     0
     6     6     0
     5     5     0
    20    22     1
    25    26     1
     5     5     0
    42    43     1
    86    82     1
   216   216     1
     5     5     0
    46    45     1
   229   228     0
   224   220     1
    85    84     1
     9     8     0
     5     5     0
    96    97     1
    91    90     1
    11    11     0
     7     7     1
   101   107     1
   188   188     1
     8     9     0
    85    85     1
   225   226     1
   222   234     1
    11    11     0
   144   156     1
   122   118     1
     6     6     0
     7     7     0
     5     5     0
   176   175     1
   107   107     1
    11    11     0
   105   112     1
     7     7     0
     7     7     0
   159   153     1
   106   107     1
    81    84     1
    17    16     1
   122   119     1
    46    47     1
     7     7     1
    16    15     0
    10    10     1
   159   171     1
   102   102     1
    28    28     1
     3     4     0
    29    29     1
    13    11     0
     7     7     0
     7     7     0
    15    15     0
     5     5     0
     8     8     0
    62    62     1
   110   113     1
     7     7     0
     5     6     0
   226   226     1
   214   220     1
   224   228     1
    75    75     1
    15    15     1
    12    12     1
    87    87     1
     9     9     0
     5     5     0
    17    17     0
   122   151     1
    32    32     1
    79    81     1
     4     5     0
    26    26     1
     7     7     0
    31    32     1
   115   115     1
    12    12     0
    53    52     1
   129   128     1
    17    18     1
    83    82     1
    77    79     1
    17    17     1
    77    77     1
     8     7     0
   192   193     1
   107    96     1
   114   115     1
    38    39     1
   123   121     1
    63    62     1
    16    16     0
   108   107     1
    14    14     0
     6     8     0
    45    42     1
    25    26     1
    19    19     1
   225   213     1
    35    35     1
     8     8     0
    16    16     0
    10    11     1
     6     6     0
   125   123     1
    17    17     0
   107   105     1
   228   227     1
    34    32     1
    19    18     0
     8     8     0
    15    15     0
     7     6     1
    48    48     1
    19    19     0
     6     6     0
    20    21     0
   115   113     1
    80    68     1
    11    11     0
   210   214     1
     4     4     0
    16    19     1
    15    15     0
     5     5     0
   106   108     1
     8     8     0
    76    81     1
   134   133     1
    10    10     0
     5     6     0
     6     6     0
   119   118     1
     6     6     0
    13    13     1
   129   126     1
    13    13     0
     7     7     0
    75    83     1
    24    24     1
    81    72     1
   128   128     1
    21    21     0
    93    95     1
   115    98     1
    16    15     1
     7     6     0
   130   120     1
    14    15     0
    19    20     0
   104   101     1
    12    12     1
    17    17     0
   227   222     1
   225   225     0
   132   130     1
    18    19     0
     4     4     0
    27    24     1
     8     9     1
   139   138     1
    19    19     0
    13    12     0
   128   129     1
    72    70     1
   120   120     1
    27    26     1
   119   117     1
     8     7     0
   123   129     1
     6     6     0
   104   102     1
    15    15     0
    15    15     0
    80    80     1
   227   227     0
   126   119     1
     7     7     0
   159   162     1
   227   224     1
    54    49     1
   113   105     1
     5     5     0
   111   110     1
   163   158     1
     5     5     0
    49    49     1
   109   105     1
   113   114     1
     9     9     1
    89    88     1
   146   138     1
    19    19     1
   136   134     1
    14    15     0
    11    11     0
     6     6     0
    17    17     0
     6     6     0
     4     4     0
   147   148     1
     6     5     0
    52    52     1
    18    18     0
     8     8     0
   156   158     1
     6     6     0
    18    19     1
    46    43     1
    29    29     1
    65    65     1
     7     7     0
   223   223     1
     6     6     0
     6     6     0
   126   128     1
   140   140     1
    19    19     0
    61    68     1
     4     4     0
    89    76     1
    36    36     1
    18    18     0
   197   202     1
   133   129     1
   114   110     1
   128   128     1
   180   181     1
     7     7     0
     5     5     0
    79    86     1
    98   101     1
   158   168     1
    50    51     1
    16    17     1
    97    98     1
   188   188     1
   137   120     1
    19    20     0
    20    20     1
    12    10     0
    56    54     1
    13    14     0
    27    28     1
    11    11     0
    14    12     0
   232   228     1
    90    93     1
   121   117     1
    11    12     0
    20    20     1
    94    97     1
    19    19     0
     6     6     0
     9     9     0
    21    21     0
   182   181     1
    61    60     1
     5     5     0
    91    92     1
     6     6     0
    51    51     1
    82    77     1
   144   147     1
   112   115     1
    13    13     0
   238   237     1
   172   184     1
    46    40     1
     8     8     0
    13    13     1
    33    33     1
    24    29     1
    20    20     0
    74    76     1
   228   220     1
   161   144     1
    99    95     1
    34    36     1
    85    91     1
   148   157     1
    14    13     0
     5     5     0
     7     7     0
    95    99     1
     7     7     0
   133   135     1
   109   105     1
   226   226     1
    52    47     1
     6     6     0
   149   144     1
     3     4     0
   123   123     1
    14    14     0
   221   221     1
   212   211     1
   216   219     1
     6     6     0
     8     8     0
   117   112     1
   128   129     1
    16    16     0
    33    32     1
     7     7     0
     8     7     0
   233   230     1
   113   113     1
   105   108     1
    92    90     1
    12    12     1
     9     9     0
     6     6     1
   230   230     1
   130   121     1
    61    59     1
    24    24     1
    95    95     1
    34    29     1
    22    22     1
   227   218     1
    16    16     0
    85    83     1
    39    34     1
   116   116     1
    10    10     0
    16    16     1
     6     6     0
    95    93     1
   181   197     1
    14    15     0
     5     6     0
    19    19     0
    31    31     1
    10     9     1
   119   107     1
   120   120     1
    30    29     1
    45    45     1
   222   222     1
    13    13     0
    27    27     0
    83    92     1
    12    12     0
    11    13     0
     6     6     0
    25    25     1
    22    22     0
    15    15     0
     5     5     0
    16    16     0
    99    98     1
   118   126     1
     4     4     0
    16    16     1
   103   103     1
    12    12     0
    16    16     0
    13    13     0
    35    36     1
     7     7     1
    32    32     1
    63    65     1
    17    18     0
    40    41     1
    23    23     0
     5     4     0
     7     7     0
     7     8     0
     9     8     0
   112   108     1
   116   117     1
    11    11     0
    67    68     1
    59    61     1
   111   111     1
   122   124     1
   118   112     1
    20    20     0
     5     5     0
    31    31     1
   115   113     1
   121   123     1
   230   223     1
    95    88     1
    98   100     1
    93    90     1
   222   222     1
    20    20     0
    70    70     1
   209   208     1
     5     5     0
    33    31     0
    10    10     0
     9     9     0
    19    19     0
     5     5     1
    10    12     1
   176   168     1
    10    10     0
    12    12     0
     5     5     0
    31    31     1
   211   214     1
   209   205     1
    20    19     0
    40    40     1
    22    22     0
    19    19     0
   152   154     1
   131   122     1
    33    30     1
     7     7     0
    21    21     1
    16    16     0
    26    27     1
    83    84     1
    30    30     1
     5     5     0
    21    21     0
    45    44     1
   162   158     1
   212   215     1
    62    53     1
    22    23     1
    19    19     1
    10    10     0
    35    35     1
    16    16     0
   234   229     1
    90    88     1
    89    90     1
    73    74     1
   138   141     1
   115   128     1
    13    15     1
    10    10     1
    68    68     1
   227   218     1
   120   118     1
     8     8     0
    12    12     1
    34    33     1
    69    68     1
   104   103     1
    89    70     1
   113   112     1
   130   115     1
   135   137     1
    12    12     0
   122   122     1
    82    81     1
     9     9     0
   204   205     1
    26    26     1
    90    88     1
     8     8     1
    70    73     1
    20    20     1
    15    15     1
     9     9     0
    84    87     1
   229   220     1
     6     5     0
     5     5     0
    82    84     1
     7     7     0
   134   134     1
     5     5     0
     5     5     1
    70    69     1
    77    77     1
    38    38     1
   122   112     1
    34    34     1
    35    36     1
   125   117     1
    97    96     1
    92    92     1
    24    25     1
   102   102     1
    10     8     1
    70    71     1
    98   102     1
   100   102     1
   218   219     1
     6     7     0
    13    13     1
    21    21     1
   166   165     1
   231   230     1
     6     6     0
     5     5     0
    19    19     0
    15    14     1
   100   104     1
     9     8     0
    26    26     1
    15    15     1
   226   227     1
   127   132     1
    29    29     0
     6     6     0
    13    14     1
     5     5     0
   219   217     1
    11    11     1
     9     8     1
    10     8     1
   125   119     1
   232   218     1
    82    82     1
   111   115     1
    36    39     1
   217   219     1
    14    14     1
   100    98     1
    18    18     0
   144   141     1
     9    10     0
     7     7     0
    12    12     0
    25    25     1
    17    16     0
    20    19     0
    76    73     1
    46    49     1
    28    27     1
    11    12     0
    79    75     1
    25    25     1
    12    11     1
     4     4     0
     7     7     0
    19    19     0
    17    17     1
    28    28     1
   105    96     1
   116   110     1
   125   119     1
    14    14     0
   121   115     1
    84    85     1
    36    40     1
    26    26     1
    80    68     1
    11    10     1
   120   119     1
    21    19     1
    17    17     0
    19    19     0
    49    53     1
    25    25     1
     5     5     0
     5     5     0
   116   124     1
    16    16     0
    17    17     0
     7     7     0
   112   112     1
   167   172     1
    18    18     0
     5     5     0
    16    16     0
    34    34     1
    97    98     1
     7     7     0
   115   121     1
    20    20     0
    37    37     1
     9     9     0
    11    10     0
   225   225     0
   106   106     1
     7     7     0
    87    87     1
    11    11     0
    10    10     0
    62    62     1
     4     5     0
     5     5     0
    19    19     0
    25    25     0
     6     6     0
    10    10     0
     5     5     1
   108   102     1
   201   205     1
   215   220     1
   114   117     1
    78    78     1
   123   121     1
    95    95     1
    19    18     0
    98    96     1
     6     6     0
   108   114     1
     6     6     0
   111   115     1
    50    54     1
   102    95     1
    15    16     0
   104   105     1
    16    13     0
     7     6     0
   211   203     1
    46    47     1
     5     5     0
     9     8     1
    92    94     1
    42    43     1
   200   206     1
    41    40     1
   107   110     1
   198   208     1
    11    12     0
     6     6     0
    90    86     1
     9     9     0
    20    17     1
     8     8     0
   116   114     1
    31    31     1
     9     9     0
     5     5     0
   108   106     1
    15    15     0
   144   154     1
    12    12     1
    78    77     1
    95    95     1
     8     7     1
    86    91     1
    13    13     0
    84    84     1
    88   102     1
     6     6     0
     5     6     1
     6     6     0
     5     5     0
     6     6     0
     5     5     0
    97    97     1
    28    28     1
   100   102     1
    28    32     1
     4     4     0
   122   120     1
    21    21     0
   136   140     1
   222   221     1
     5     5     0
    19    19     0
   117   118     1
    32    36     1
   226   229     1
    10    10     1
    12    13     1
   117   117     1
     5     5     0
    22    21     0
   200   195     1
     5     5     0
    14    12     1
    18    18     0
    11    11     0
    18    18     0
    13    14     0
    91    77     1
     7     8     0
    98   111     1
     6     6     0
    17    17     0
     6     7     0
   134   134     1
   131   129     1
    10    10     0
   158   159     1
    13    12     0
    14    14     0
   104    91     1
     7     7     0
   106   111     1
    46    44     1
    74    71     1
    13    13     1
    27    27     1
   175   178     1
    10    10     0
    20    20     1
     5     5     0
    30    29     1
    22    22     0
     7     7     0
   163   169     1
   108   108     1
    49    55     1
    91    96     1
    86    74     1
    93    93     1
     6     6     0
    11    12     0
    11    11     0
    18    18     0
    13    13     1
    24    24     0
    31    31     1
    70    70     1
    39    46     1
   232   203     1
     7     7     0
   113   121     1
    95    95     1
    23    23     0
    78    80     1
    17    17     0
     6     6     0
     7     7     1
    14    11     1
   106   109     1
    15    15     1
     6     6     0
   151   120     1
   159   154     1
     5     5     0
     5     6     0
   108   109     1
    11    11     0
     6     6     0
    14    13     0
   223   224     1
    78    74     1
    19    19     0
   221   223     1
    14    14     0
   191   147     1
    21    21     1
     5     5     0
    11    12     0
     5     5     0
   179   188     1
   104   105     1
   120   118     1
   116   137     1
     5     5     0
     9     9     1
    37    36     1
    72    72     1
    26    26     1
    14    14     0
    25    25     1
    15    15     0
    14    14     1
    12    12     0
    14    18     1
   118   115     1
   114   112     1
    11    10     0
    17    17     1
     5     6     0
    72    73     1
    17    17     0
    51    69     1
    14    14     0
    10    10     0
   183   185     1
    39    39     1
    57    58     1
     3     4     0
    13    13     0
   130   121     1
   114   113     1
    11    13     0
     9     9     0
     7     8     0
    17    17     1
    11    11     1
    83    82     1
    29    29     1
     5     5     0
    22    21     1
    53    55     1
   221   222     1
     7     7     0
   132   127     1
    31    31     1
    73    68     1
    45    45     1
    18    17     0
    11    11     0
   226   226     0
     6     6     0
   123   120     1
     8     8     1
   116   131     1
     8     8     0
   138   138     1
   128   127     1
   221   221     1
   129   130     1
   126   138     1
   131   128     1
    52    52     1
    31    31     1
    31    34     1
    19    19     1
   108   100     1
    17    16     0
   101   100     1
    55    60     1
   158   150     1
   127   124     1
    32    27     1
    44    42     1
    28    28     1
   114   112     1
     6     6     0
     5     5     0
    26    25     1
    21    24     1
     5     5     1
   119   119     1
   228   223     1
    13    12     1
     6     6     0
   132   131     1
   116   118     1
   187   173     1
    18    18     1
     6     6     0
   225   224     1
    82    87     1
    89    88     1
    28    28     1
    25    25     0
    19    19     0
   170   165     1
     7     7     1
   113   117     1
    10    10     1
     6     6     0
     4     4     0
    34    33     1
     8     8     0
     5     5     0
    13    13     1
    21    21     0
    10     9     0
    22    21     0
    42    41     1
     9     9     1
   227   227     1
     6     6     0
    76    62     1
     7     7     0
    93    97     1
    30    30     1
    54    54     1
   178   178     1
     8     9     1
    30    30     1
    48    41     1
     5     5     0
    18    18     0
   117   115     1
   223   226     1
   104   107     1
    64    68     1
     5     5     0
   228   228     0
     5     5     0
     6     6     0
     5     5     0
    72    73     1
     8     8     0
    10    10     0
   214   209     1
   182   187     1
     7     7     0
    97    95     1
   102   102     1
   136   134     1
   109   112     1
   219   219     1
    17    17     1
    95    93     1
    66    64     1
     5     6     0
    33    33     1
     6     6     0
    61    70     1
   227   224     1
    26    27     1
    94    92     1
   101   100     1
    74    70     1
     6     6     0
   109   109     1
     8     8     0
     6     6     0
   101   101     1
    21    21     0
   207   211     1
     6     6     0
    91    89     1
   101   104     1
    22    22     1
    17    17     0
    73    65     1
    31    31     1
    22    22     1
   170   177     1
     5     7     1
    16    15     0
    37    40     1
     6     6     0
   116   112     1
   101   100     1
    13    12     0
     6     6     1
    40    51     1
   126   128     1
     9     9     1
   105   106     1
    84    82     1
     7     6     0
   189   196     1
     5     5     1
   225   225     1
   135   140     1
    80    81     1
   175   176     1
    81    80     1
     9     9     1
   224   225     1
    88    97     1
    20    20     1
    41    41     1
     6     6     0
     4     4     0
     9     8     0
    13    13     1
     5     5     0
   132   132     1
     6     6     0
   211   224     1
    37    38     1
    76    76     1
    98    96     1
    17    17     0
    41    37     1
   197   201     1
    22    23     0
     4     4     0
   161   115     1
   108   107     1
    33    32     1
    31    32     1
   116   116     1
    75    72     1
     5     5     0
   216   222     1
    12    11     1
   223   225     1
    12    12     0
     9     9     0
   221   221     1
    14    14     1
    34    33     1
    19    19     0
     6     6     0
    88    91     1
    13    14     1
    93    94     1
    37    37     1
    12    12     1
    81    84     1
     3     3     0
    17    16     0
    19    19     0
   119   118     1
    66    66     1
     6     6     0
   103   105     1
   218   221     1
   221   225     1
    21    25     1
   225   220     1
    66    64     1
     6     6     0
     7     7     0
   223   222     0
     7     7     0
     5     5     0
     6     6     0
    70    72     1
    32    31     1
    81    80     1
    12    12     0
    17    18     0
   133   133     1
   119   113     1
    84    96     1
     9     9     0
    21    21     1
     5     5     0
    67    60     1
     7     8     1
   126   124     1
     5     5     0
    20    20     0
    65    65     1
    88    85     1
    70    73     1
     5     5     0
    98    93     1
    19    19     1
   109   108     1
    10    12     1
   205   210     1
     8     7     0
   158   156     1
   100    98     1
    16    15     0
    19    19     0
    19    19     0
   103   107     1
    24    23     1
    98    91     1
   114   115     1
   170   166     1
     5     5     0
     6     6     0
   111   113     1
   100    99     1
    94    92     1
     7     6     0
     7     7     0
    56    57     1
    21    21     0
     6     6     0
    58    50     1
    27    27     1
    14    15     1
    16    16     0
    78    63     1
    96    92     1
   159   171     1
   102   108     1
    10     8     0
    24    25     1
    17    17     0
     7     7     0
    16    16     0
   169   165     1
   131   128     1
   111   107     1
   188   193     1
     6     6     0
   177   162     1
   113   111     1
    62    55     1
     6     6     0
    23    23     1
    63    47     1
   166   168     1
     6     6     0
     5     5     0
     6     5     0
    19    19     0
    90    91     1
    17    17     1
     5     5     0
    14    14     1
    25    25     1
    12    12     1
    46    46     1
     6     6     0
    18    18     1
     7     7     0
   145   141     1
    76    74     1
   158   158     1
    40    41     1
    18    17     1
    19    19     0
   100   101     1
    89    80     1
     6     6     0
    12    11     0
   132   132     1
     5     5     0
   162   164     1
    94    97     1
   123   118     1
     7     7     0
     6     6     0
    63    63     1
    19    19     1
     4     4     0
   126   123     1
    24    24     1
   140   137     1
     5     5     0
     9     9     0
   217   217     1
    10    10     1
    71    68     1
    30    29     1
     5     5     0
    52    53     1
   203   195     1
    20    20     1
   223   228     0
   117   116     1
    73    71     1
    85    86     1
    12    12     1
    80    77     1
    70    69     1
   169   159     1
    24    24     1
    16    16     0
     6     6     0
   135   132     1
   192   114     1
   117   109     1
     8     8     0
    12    16     1
   112   116     1
     5     5     0
    14    14     0
   108   107     1
     5     6     0
     8    10     0
     4     4     0
   225   231     1
     6     6     0
   119   122     1
    32    38     1
   134   127     1
    44    43     1
    29    27     1
    68    79     1
    31    31     0
    16    16     1
    19    19     0
     6     6     0
     4     4     0
    11    11     0
   111   103     1
     7     7     0
    13    13     0
    21    20     0
    37    37     1
    17    17     1
    13    15     0
   110    91     1
   189   188     1
    34    33     1
   172   172     1
   106   106     1
    34    33     1
   199   202     1
   188   181     1
    14    14     1
   121   118     1
   228   228     0
    89    86     1
     7     7     0
   209   209     1
    17    18     0
   113   114     1
   169   176     1
    41    41     1
     7     7     0
   167   152     1
    16    16     0
   148   147     1
   121   122     1
    19    16     1
     6     6     0
     4     4     0
     5     5     0
    29    26     1
   101    99     1
   231   228     1
     8     7     1
    43    42     1
    14    14     1
    92    86     1
     7     7     0
     8     8     0
   163   162     1
    24    20     0
   117   120     1
   128   120     1
   214   214     1
     5     5     0
   109   105     1
   164   157     1
   109   107     1
    91    93     1
   109   109     1
     8     8     0
    66    66     1
    14    15     0
    15    14     1
   114   131     1
    23    23     1
     7     8     0
     5     5     0
    21    20     1
    19    19     0
   103   102     1
   224   223     1
   212   217     1
    26    25     1
     8     7     0
   169   167     1
    31    31     0
    13    13     1
   174   188     1
     5     5     0
    16    16     1
   140   142     1
   215   217     1
   120   119     1
    18    18     0
    69    70     1
    16    17     1
   102   102     1
     7     7     0
     5     5     0
     5     5     1
   100    88     1
     5     5     0
    69    70     1
   230   225     1
    90    98     1
    26    26     1
     6     6     0
    18    18     0
    89    89     1
     8     8     0
   112   114     1
     9     8     0
    15    15     1
   138   130     1
     5     5     0
    73    73     1
     6     6     0
    18    18     0
   217   214     1
    34    35     1
     7     7     0
   218   208     1
   112   114     1
    71    73     1
    69    73     1
   223   224     0
   193   190     1
    95   115     1
    15    14     0
     9    10     0
    34    34     1
   101   101     1
     8     7     1
   133   127     1
    84    84     1
     6     6     0
     8     7     1
     8     7     0
   227   223     1
     9     9     1
    16    16     1
     4     4     0
   100   109     1
   104   103     1
     8     8     0
     3     4     0
     5     5     0
    28    28     1
     8     8     1
     7     7     0
    70    66     1
   224   229     1
   141   147     1
    66    71     1
   134   132     1
   119   104     1
    33    30     1
     6     6     0
     8     8     1
    16    15     1
   115   116     1
     6     6     0
    54    36     1
     8     8     0
    73    72     1
   227   226     1
    70    67     1
     6     7     0
   103   103     1
    25    26     1
    36    36     1
   120   120     1
     5     5     0
    70    76     1
   169   158     1
    63    74     1
    15    15     1
    89    92     1
    12    12     0
     7     7     1
     6     5     0
     5     5     0
    17    16     1
    22    23     0
     4     4     0
    32    32     1
    94    93     1
   105   110     1
    80    67     1
     5     5     0
   115   115     1
     9     9     0
    10    10     0
   117   115     1
    65    61     1
    34    33     1
    91    89     1
     7     6     0
   123   122     1
   168   176     1
    51    49     1
    20    20     0
   149   138     1
   138   126     1
   107   111     1
    22    21     0
    49    47     1
    11    11     1
     6     5     0
     5     6     0
    12    11     1
   105   113     1
    17    17     0
     7     8     0
   123   116     1
    70    68     1
    10     7     0
    19    19     0
    20    20     0
    15    15     0
    89    95     1
    32    27     1
    46    47     1
   233   229     1
    90    89     1
     7     7     0
    16    16     0
   120   121     1
   114   118     1
    75    84     1
   222   221     0
    21    22     1
   109   115     1
    36    34     1
    60    75     1
    21    21     1
     5     5     0
   105   112     1
    81    82     1
    17    17     0
    10     9     0
    99   105     1
   119   119     1
     6     5     0
   111   118     1
    11    12     1
   124   125     1
    15    15     0
    12    12     0
   209   221     1
   190   192     1
   219   220     1
    57    57     1
    17    17     0
   148   151     1
   113   114     1
    21    19     1
    57    58     1
    69    67     1
    21    23     1
    13    12     1
     6     6     1
    18    18     0
   116   112     1
   147   145     1
     7     7     0
   223   223     1
    18    18     1
     5     5     0
    13    13     0
    16    17     0
    19    20     0
   105   103     1
   133   128     1
     6     6     0
     5     5     0
     7     7     0
     9     8     0
   129   120     1
    25    24     1
    25    25     0
    15    16     1
     4     6     1
    23    23     1
    33    32     0
   145   138     1
    13    14     1
     7     7     1
     7     7     0
   113   115     1
   134   135     1
   137   141     1
    12    12     0
   124   118     1
    95    95     1
     4     4     0
   234   227     1
   225   227     1
    70    62     1
     5     5     0
    16    16     0
    18    18     0
   116   116     1
    79    80     1
    78    76     1
    22    21     1
    14    14     0
    89    91     1
     5     5     1
    19    19     0
    72    69     1
   149   154     1
    45    40     1
   212   211     1
    12    13     1
    20    20     0
     7     8     0
    10    12     1
    12    12     0
   191   176     1
    22    22     0
    11    11     0
     7     7     0
     9     8     0
   124   118     1
     8     8     1
    12    13     0
   149   141     1
    80    81     1
   229   229     1
    98    94     1
     6     6     0
   152   146     1
    22    21     0
     4     4     0
    93    93     1
    13    13     0
    18    18     0
   121   160     1
   112   111     1
   113   120     1
     9     8     0
    41    41     1
    15    15     1
   147   113     1
   108   103     1
   208   218     1
    24    25     1
   124   123     1
     8     8     1
    18    18     0
     4     6     0
    20    20     1
    19    18     0
   112   116     1
   101   103     1
    12    12     0
   103   108     1
   126   126     1
    71    70     1
     7     8     0
     5     5     0
     9     9     1
    79    74     1
    12    13     0
   164   167     1
    49    46     1
     8     8     1
    28    27     1
     7     7     0
     7     7     0
     5     5     0
   103    96     1
    16    16     0
    91    88     1
    10    13     0
   180   189     1
   226   221     1
     6     6     0
    51    49     1
     6     5     0
   113   112     1
     7     7     0
   106   105     1
    19    18     1
    10    10     1
    18    18     1
    12    12     1
     8     8     1
    15    15     1
     5     5     0
     6     6     0
     5     5     0
    95    89     1
    45    45     1
    28    28     1
    40    39     1
    76    80     1
     8     8     0
    17    17     0
     8     8     0
    20    19     1
    44    42     1
    11    11     0
     4     4     0
    51    51     1
     6     6     0
     7     7     0
   103   109     1
   135   128     1
    13    13     0
   200   201     1
     7     6     0
   115   113     1
    77    73     1
    17    17     0
   127   121     1
   129   128     1
    73    74     1
     7     8     0
    25    25     1
   111   112     1
   123   120     1
   107   107     1
     4     4     0
    90   102     1
     7     7     0
   113   115     1
    31    31     1
    15    15     0
    39    43     1
   220   222     1
    11    11     0
    95    92     1
    46    41     1
   220   219     1
     9     9     1
    37    41     1
   210   199     1
    59    60     1
     3     3     0
     6     6     0
     7     6     1
     4     6     0
    40    40     1
   109   108     1
   129   129     1
   228   227     0
     9     9     1
   211   205     1
     8     7     0
    75    75     1
   209   209     1
     6     7     0
   101    96     1
   198   196     1
   114   115     1
   142   142     1
    16    17     0
    16    17     0
   185   173     1
    23    23     1
    86    86     1
   117   122     1
    18    18     0
     7     7     0
   206   205     1
   185   193     1
    73    72     1
   150   162     1
   147   179     1
   106   105     1
     5     6     1
    19    19     1
   101   102     1
     4     5     1
   100   109     1
     6     6     0
    98   105     1
    17    17     0
     7     7     0
     6     6     0
    87    84     1
     5     5     0
     7     7     0
    10    10     0
     8     8     0
    48    50     1
   101   106     1
   107    93     1
    30    27     1
    17    16     0
    82    82     1
    18    19     0
     6     6     0
    93    93     1
    83    82     1
   123   124     1
   225   225     1
   114   108     1
     4     5     0
     7     7     0
    18    18     0
   147   150     1
    71    75     1
    29    28     1
     6     6     0
   167   168     1
    16    17     0
     6     6     0
    22    22     1
     6     6     0
   112   109     1
    67    67     1
    25    29     1
   224   225     0
     8     8     0
   128   130     1
    33    33     1
     4     5     0
    50    49     1
     8     9     1
     6     6     0
     7     6     1
   226   226     1
    21    20     1
    18    18     1
    33    38     1
    19    19     0
     7     7     0
    34    34     1
     6     6     0
   213   219     1
    24    24     1
    32    30     1
   130   123     1
    96    92     1
    13    13     0
    58    59     1
    55    51     1
   111   113     1
    93    94     1
    20    24     0
    76    76     1
    87    78     1
    90    96     1
    11    11     0
    31    31     1
    16    16     1
     5     5     0
   112   111     1
   221   209     1
   118   113     1
   224   224     0
    18    18     0
     6     8     0
    10     8     0
    96    93     1
    15    14     1
   208   212     1
   128   132     1
    10    10     0
     8     8     0
   131   132     1
    31    32     1
   115   109     1
     7     8     0
   155   160     1
    58    45     1
   165   168     1
   124   140     1
    52    53     1
   113   113     1
   204   207     1
   145   135     1
    10     9     0
     6     6     0
   152   152     1
    66    63     1
   114   120     1
   122   123     1
    23    26     1
    75    74     1
    28    28     1
   123   124     1
   122   121     1
    88   102     1
    14    14     0
    16    16     0
   146   134     1
    71    72     1
     6     6     0
   173   155     1
   225   220     1
     8     8     0
    81    80     1
    22    27     1
   131   129     1
    14    14     0
   174   177     1
    11    13     1
   119   111     1
   125   124     1
   218   219     1
    17    17     1
    48    39     1
    56    57     1
   103   101     1
   103   102     1
    84    80     1
    18    18     0
    77    81     1
   131   124     1
     7     7     0
    76    77     1
   133   133     1
     9     9     1
     7     7     0
    84    87     1
     4     4     0
     7     7     0
    13    13     0
    94    94     1
    16    17     0
    19    19     0
    64    65     1
    14    14     0
   113   109     1
    12    12     0
    68    71     1
    17    16     1
    22    22     1
   112   112     1
     6     6     0
    71    74     1
     8     8     1
    20    20     1
   118   116     1
    60    68     1
    19    19     0
    29    29     0
     5     5     0
    88    88     1
    87    87     1
     4     4     0
    41    46     1
    74    73     1
   234   231     1
    18    17     1
    39    39     1
   109   109     1
    38    37     1
     7     7     0
   161   154     1
    16    15     0
    47    49     1
    24    24     1
     6     6     0
     8     8     0
    31    27     1
     9     9     0
    86    89     1
     7     7     0
    22    22     0
     5     5     0
     9     9     1
     5     5     0
   118    99     1
   106    91     1
    57    59     1
    93    89     1
    16    16     1
     7     8     1
    59    54     1
    84    83     1
    89    90     1
    16    16     0
   118   123     1
   145   134     1
   119   119     1
    25    24     1
     8     8     1
    23    23     1
   118   117     1
    22    22     0
   165   169     1
    72    73     1
   130   122     1
    15    15     0
   106   106     1
   138   137     1
   121   121     1
   100    99     1
   184   188     1
    10     9     0
    14    15     0
   138   138     1
   218   219     1
    23    23     0
   134   133     1
    53    48     1
     6     6     0
     6     6     0
     8     8     0
    30    30     1
    23    23     1
    15    16     0
    21    21     0
    10    10     1
    88    90     1
    90    83     1
    53    47     1
    22    21     1
     5     5     0
    73    71     1
     6     6     0
    55    54     1
    13    13     0
    17    17     1
    95   101     1
    12    12     0
    16    16     0
   129   114     1
   227   225     1
    89    91     1
     6     6     0
   114   120     1
    97    99     1
   114   112     1
    52    50     1
    16    16     0
     5     5     0
    33    32     0
    25    25     0
    16    16     0
    27    28     1
    53    60     1
   138   140     1
    51    50     1
   223   222     1
     7     7     0
     5     5     0
   126   119     1
    14    14     1
     6     7     0
    13    13     0
     6     7     0
    64    57     1
    18    17     0
   160   167     1
    19    20     1
    69    69     1
    14    13     0
     4     4     0
    11    11     0
    22    24     1
    18    17     0
    30    29     1
     6     6     0
    36    35     1
    95   103     1
    33    33     1
     5     5     0
    28    26     1
    69    69     1
    16    16     1
    10    10     0
     4     4     0
     5     5     0
   228   228     0
    94    87     1
   121   119     1
   127   118     1
   163   154     1
    15    15     0
    12    12     1
    20    20     0
    24    24     1
     5     5     0
   229   228     0
   204   204     1
    17    17     0
     6     6     1
    35    41     1
   114   117     1
    22    22     1
     8     8     0
    20    20     0
    34    34     1
   129   127     1
    14    14     0
    73    73     1
     5     5     0
    48    43     1
   171   176     1
   153   153     1
     6     6     0
     5     5     0
     5     5     0
    10    10     0
     6     5     0
    17    17     0
    22    22     0
    17    17     0
   215   220     1
    17    17     0
   176   181     1
    61    64     1
    15    14     0
   102   102     1
    25    25     1
    10     9     0
   140   139     1
     8     8     0
   180   183     1
   230   229     1
    21    21     0
   151   146     1
   122    96     1
    70    63     1
   156   154     1
    28    28     1
    32    33     1
   221   221     1
    12    12     0
    34    32     1
    12    12     1
    14    13     1
    15    12     0
     5     6     0
    12    12     1
    24    24     1
    93   103     1
    34    33     1
    14    15     1
     4     4     0
     5     5     0
     6     7     0
    41    45     1
     8     8     0
    51    45     1
    31    37     1
     6     6     1
    20    20     1
     7     7     0
    44    44     1
     6     6     0
    26    26     1
    17    17     0
    84    80     1
   102    97     1
   140   140     1
     5     5     0
   123   125     1
    20    20     0
    83    81     1
     5     5     0
   123   136     1
    16    15     0
    21    21     0
     7     8     0
   115   121     1
     8     7     0
    30    35     1
    91    95     1
   168   167     1
    70    70     1
   218   217     0
     8     8     0
     6     6     0
    18    18     0
   129   127     1
    39    39     1
   117   117     1
    91    93     1
    16    16     1
   126   127     1
    11    11     0
     7     6     1
   106   106     1
     6     6     0
   206   206     1
   121   115     1
     8     9     1
    49    49     1
    16    16     1
   153   151     1
   210   210     1
    11     7     1
    18    18     0
   144   144     1
    21    21     0
    19    19     1
    89    95     1
   132   132     1
    51    54     1
   109   109     1
   152   165     1
     5     5     0
   204   185     1
   115   107     1
    43    41     1
    24    24     1
     9    10     1
    17    17     0
   111   110     1
     7     7     0
    21    21     0
    70    71     1
     5     5     0
    20    20     0
    21    21     0
     6     6     0
    23    23     0
    96    97     1
   228   228     1
    10    10     1
   224   215     1
    11    11     1
    32    32     1
    15    15     0
    79    80     1
    12    12     0
    98    97     1
    80    76     1
    43    49     1
     6     6     0
   121   121     1
    17    18     0
     5     5     0
    15    15     0
   197   199     1
    33    29     1
    10     9     0
   161   153     1
    11    11     1
    11    11     1
   121   117     1
    14    14     0
     5     5     0
    32    29     0
     9     9     0
    86    84     1
   123   113     1
    13    13     0
    19    19     1
   122   112     1
     6     6     0
   130    76     1
   218   218     1
   231   230     1
   103   107     1
    11     8     1
    10     9     0
    76    99     1
    12    12     0
    67    64     1
   116   115     1
   138   131     1
    30    30     1
   116   116     1
     6     6     0
    11    10     0
    15    17     1
    98    99     1
    14    14     0
    15    15     0
   126   129     1
   110   106     1
    42    39     1
    21    19     0
    22    22     0
   168   165     1
   107   111     1
    83    82     1
   198   208     1
    32    32     1
    17    17     0
   171   172     1
     5     5     0
   127   128     1
    95    96     1
   104   103     1
   150   150     1
    85    96     1
    34    34     1
   120   125     1
    95    93     1
   121   113     1
    16    16     1
    67    66     1
     9     8     0
    14    14     0
    16    16     0
   118   116     1
    25    26     0
   227   227     0
    21    21     1
     8     8     0
   139   127     1
     5     5     0
    79    80     1
     9     9     1
    16    16     0
   226   226     1
    30    31     1
     5     5     0
    98   101     1
    22    21     1
     5     5     0
     4     4     0
   218   219     1
    11    11     1
    89    95     1
     9     9     0
    28    28     1
   194   198     1
    20    21     1
    67    67     1
     7     7     0
    13    12     1
     5     6     0
    12    13     0
    16    16     1
   111   120     1
   109   107     1
    25    25     1
     5     5     0
    19    19     0
    93    95     1
    94    93     1
   141   147     1
   134   128     1
    22    21     0
    74    75     1
    73    73     1
    10    11     0
    58    58     1
    21    21     0
    28    32     1
   228   228     0
     9     9     1
    12    12     1
     7     7     0
    15    15     1
    39    31     1
    25    25     1
    99    99     1
    69    68     1
     6     6     0
   226   226     0
   178   181     1
     4     4     0
    86    86     1
    11    11     0
     5     5     1
    60    61     1
   100   102     1
    34    35     1
     5     5     0
    21    22     1
     9     9     1
   125   119     1
   134   132     1
    84    87     1
     3     4     1
    11    13     1
     5     5     0
     5     5     0
   108   108     1
     8     8     0
   135   129     1
     5     5     0
    30    29     1
   119   132     1
     6     6     0
    11    11     0
    84    89     1
    27    27     0
    11    12     0
    16    16     1
    37    37     1
   184   184     1
     7     7     0
    47    43     1
   129   129     1
   233   223     1
    65    63     1
     6     6     0
    99    97     1
    33    33     1
    63    63     1
     6     6     0
   116   114     1
    40    40     1
    96   101     1
    16    16     0
    39    40     1
   117   119     1
    40    38     1
     5     5     0
     9     9     0
    98   103     1
    36    35     1
   173   174     1
    16    17     1
    39    34     1
     6     6     0
    16    16     0
     6     6     0
   127   127     1
   141   118     1
   109   112     1
    92    92     1
     6     6     0
   197   207     1
    17    17     1
    76    74     1
    84    81     1
   228   228     1
    13    11     0
   169   173     1
    18    19     0
   120   148     1
    99    98     1
    10    11     0
     5     5     0
    19    18     1
    18    18     1
   224   221     1
    11    11     0
     5     4     0
     8     8     1
    94    94     1
    75    73     1
    44    43     1
    72    75     1
    10     9     0
    61    65     1
   144   137     1
     8     8     0
    18    18     1
   125   129     1
    33    33     1
    22    22     1
    18    18     0
    60    63     1
    71    76     1
    81    79     1
     7     8     1
    24    23     1
   123   120     1
     6     6     0
   144   137     1
   159   169     1
    89    85     1
   210   204     1
   100    92     1
     5     5     0
     7     7     1
    17    13     1
    15    13     1
   138   139     1
    15    15     0
   113   116     1
     6     6     0
    28    28     1
     9     8     1
    14    11     0
   128   127     1
    68    68     1
     7     7     0
    17    17     0
     5     5     0
    20    20     0
   105    99     1
     8     8     0
    77    76     1
    20    20     0
    30    28     1
     6     6     0
   124   132     1
   228   226     1
    75    74     1
     4     4     0
     5     5     0
    98    97     1
   103   104     1
   171   165     1
   201   190     1
    10     9     0
    16    16     0
    88    84     1
    42    40     1
   104   113     1
     9     8     1
     7     7     1
    81    80     1
   128   125     1
   135   135     1
   109   117     1
    13    13     1
   102   102     1
    84    90     1
    64    69     1
   146   140     1
   127   122     1
    67    67     1
     6     6     0
   131   123     1
   115   119     1
     9     9     0
   114   116     1
   148   143     1
     7     7     0
     9     9     0
     5     5     0
     6     6     0
    88    91     1
     4     5     0
    76    75     1
     6     6     0
    12    11     0
    15    15     1
    73    74     1
   170   189     1
    20    20     0
    22    22     0
    30    30     1
     8     8     1
     7     7     0
    28    28     1
   228   225     1
   104   109     1
   100   101     1
    24    24     1
   112   113     1
   223   222     1
    58    61     1
    11    12     0
   210   210     1
    12    10     0
     5     5     0
    28    28     1
     8     8     0
    86    88     1
   112   116     1
    68    68     1
   175   185     1
    19    19     0
    20    20     0
   112   111     1
   157   157     1
   225   219     1
   109   110     1
   100    97     1
    11    11     0
   220   221     1
    19    19     0
    58    60     1
    21    21     1
   140   129     1
    98    94     1
    89    92     1
     7     7     0
     5     5     0
   139   128     1
    11    11     0
   119   111     1
    15    15     1
   227   227     1
    14    11     0
    76    83     1
    73    72     1
   197   191     1
     7     7     0
    29    28     1
    20    20     0
   140   159     1
    24    24     1
    22    21     1
   108   110     1
    70    71     1
    21    21     0
    23    23     1
    12    12     0
   221   198     1
   214   205     1
     7     7     0
    11    11     0
   153   150     1
     8     8     0
    79    79     1
    10    10     1
     6     7     0
     9    11     0
    59    51     1
   217   223     1
    20    20     1
    27    26     1
    36    36     1
    22    22     0
    10    11     0
    41    45     1
    14    14     0
    70    74     1
    20    20     1
    14    15     0
   182   182     1
    16    16     0
    10    10     0
    14    14     0
    25    25     0
   115   114     1
   109   107     1
    66    77     1
   156   162     1
    16    14     1
    67    67     1
     9    10     0
   198   145     1
    11    11     1
     7     8     0
   148   133     1
   155   156     1
     8     7     0
    17    18     0
   129   135     1
   152   150     1
    26    28     1
   149   154     1
    29    29     1
    24    26     1
     4     4     0
     6     6     0
    30    32     1
     5     5     1
   162   165     1
   214   208     1
    84    79     1
   113   113     1
     9    11     1
     7     6     0
    68    67     1
    96    86     1
   114   120     1
    25    25     1
     4     4     0
    13    13     0
    35    34     0
    12    11     0
   126   126     1
     4     5     0
     5     5     0
    39    34     1
    11    10     0
     5     5     0
    71    85     1
   215   217     1
   206   199     1
    96    96     1
     5     4     0
   107   113     1
    75    65     1
     9     9     0
   145   146     1
     6     7     0
    15    15     0
   120   121     1
     8     8     0
     7     6     0
   117   122     1
    92    92     1
   227   224     1
   209   208     1
     5     5     0
   107   107     1
    23    20     1
   220   224     1
     5     5     0
    21    22     1
   114   115     1
     3     4     0
    64    61     1
    18    17     0
   222   221     1
     8     8     0
   181   181     1
    68    68     1
    19    19     1
     8     7     0
   122   129     1
    39    40     1
    44    39     1
    87    94     1
   230   228     1
     9     9     0
     5     5     0
    11    11     0
   152   149     1
    74    76     1
    12    13     1
    89    89     1
    15    16     1
     8     8     0
    67    67     1
   112   112     1
     8     8     0
    85    85     1
   115   118     1
   208   208     1
     7     7     1
    22    22     0
    18    19     0
    29    28     0
   223   223     0
     8     8     0
    22    22     1
    14    13     0
    67    72     1
    12    12     0
    11     9     0
    67    56     1
   120   118     1
    17    17     0
    69    67     1
    11    12     1
    27    27     0
   126   135     1
    84    80     1
    91    94     1
    22    26     1
    34    32     1
   185   190     1
    17    18     1
   220   220     1
    99    86     1
     7     6     0
    20    20     1
    30    30     0
     4     5     0
    13    13     0
    56    56     1
    52    43     1
   168   171     1
     7     7     0
    25    25     0
    83    80     1
   227   227     0
   111   116     1
    24    34     1
    91   102     1
    38    48     1
   187   190     1
    36    37     1
     9     8     1
     4     5     0
   129   124     1
   187   192     1
    43    42     1
   109   100     1
   106    90     1
   224   225     0
    77    80     1
    37    40     1
    16    16     0
    26    27     1
   150   151     1
     7     7     0
    14    13     0
   134   129     1
   127   127     1
    86    85     1
     5     5     0
   114   114     1
    17    17     1
     4     4     0
   185   195     1
    11    11     0
    17    17     0
   115   117     1
    21    21     0
     6     6     0
   119   114     1
     7     7     0
    87    86     1
     6     7     1
   219   211     1
    10     8     1
    12    11     1
   223   220     1
     6     6     0
     6     6     0
     7     7     0
     5     5     0
     7     7     0
   181   143     1
    79    79     1
     5     5     0
    24    23     1
     4     4     0
    30    32     1
    12    12     1
   219   209     1
    43    40     1
    29    28     1
    90    79     1
    23    23     0
    15    15     1
   228   228     1
   150   162     1
   123   112     1
     7     7     0
    19    19     0
   123   117     1
     7     7     0
   192   198     1
   116   118     1
   113   111     1
   175   163     1
     8     7     1
    79    86     1
    82    99     1
   164   164     1
     7     7     0
     8     8     0
   199   202     1
   234   224     1
    17    17     0
    12    12     1
    28    27     1
   213   213     1
   208   206     1
    64    56     1
   209   209     1
    21    20     0
    26    26     1
     5     5     0
    80    70     1
    53    49     1
    18    19     0
     5     5     0
     5     5     0
    12    11     1
    28    24     1
     8     8     1
   110   113     1
    20    20     1
    83    89     1
    17    17     1
    70    71     1
     6     6     0
    20    19     1
    29    31     1
   200   196     1
   124   128     1
    16    16     0
   116   109     1
   222   223     1
    19    19     0
   222   223     1
    37    37     1
    50    49     1
    15    15     1
   232   231     1
    99    99     1
     4     4     1
    42    40     1
     7     8     0
     7     7     0
     5     5     0
     6     6     0
    30    30     1
     4     4     0
    27    23     1
    54    46     1
     9    10     1
     8     8     0
   124   123     1
     8     7     1
    13    13     1
    77    74     1
    18    20     0
     8     9     1
    16    16     0
    13    12     0
   120   120     1
    19    17     0
     8     8     0
    20    20     0
    23    23     1
    47    47     1
   148   169     1
    11    10     0
    95   102     1
     9    11     0
    64    69     1
   129   135     1
    95    86     1
    95    95     1
    59    55     1
    38    37     1
    83    92     1
    97    98     1
   144   134     1
   114   118     1
    26    27     1
    11    11     0
     6     6     0
     5     5     0
    61    58     1
    12    12     1
   105   105     1
     8     8     0
    27    32     1
    77    75     1
    16    16     1
    18    18     0
   226   227     1
     9     8     1
     5     5     0
    19    19     0
   131   131     1
    94    94     1
     6     6     0
    13    13     0
    14    12     0
   217   205     1
    54    56     1
   104   105     1
   112   113     1
     9     9     1
     7     7     1
   111   111     1
   186   186     1
   117   112     1
   105   100     1
    88    86     1
    19    19     1
   126   122     1
    11    11     0
     5     5     0
     9     9     0
    24    24     0
    80    80     1
    98    99     1
    59    51     1
   126   126     1
     7     5     0
   126   144     1
     5     5     0
     3     4     0
    16    16     0
    22    22     1
    13    13     0
   127   125     1
   229   228     1
   142   140     1
   212   207     1
    21    20     0
    19    19     0
   183   218     1
    12    12     0
     8     8     0
    98    97     1
    15    15     1
    11    13     1
     5     5     0
   194   190     1
    43    39     1
   216   217     1
    94   106     1
   225   225     1
   128   133     1
   126   124     1
     6     6     0
     5     6     0
   119   137     1
    75    71     1
    16    17     1
    11    10     0
     5     5     0
     9     9     1
    12    11     0
     5     5     1
    18    18     0
    68    69     1
     6     6     0
    65    63     1
    20    20     0
    73    76     1
    21    21     1
    73    72     1
     7     7     0
    27    28     0
   134   129     1
     7     7     0
    22    22     1
     6     6     0
   112   121     1
     5     5     0
   110   110     1
     6     6     0
   230   229     1
   105   106     1
    94    81     1
   222   223     1
     4     4     0
   187   191     1
     5     5     0
    19    19     0
    10    10     0
   150   149     1
   135   130     1
    93   115     1
    97    93     1
    19    19     0
    32    30     1
     5     5     0
    89    91     1
    19    19     0
   116   112     1
    19    20     1
    72    80     1
    79    77     1
    18    18     0
   101   103     1
     7     7     0
   212   214     1
    34    34     1
   147   142     1
     3     3     0
    26    32     1
   135   128     1
    19    19     0
   125   126     1
     7     7     0
     8     7     0
   209   209     1
    15    14     1
   134   139     1
     7     7     0
    25    23     1
   104   108     1
    10    10     1
   130   123     1
   165   164     1
    21    21     0
    55    57     1
   141   131     1
    19    19     0
   137   138     1
   125   127     1
    53    48     1
    22    22     1
   121   121     1
   175   163     1
     7     7     0
     3     4     0
     6     7     0
   157   152     1
    12    13     0
    24    24     1
   224   224     0
    34    33     1
    83    79     1
    79    79     1
    18    17     0
    40    38     1
   224   226     0
   225   221     1
   194   167     1
   187   178     1
    70    69     1
    80    79     1
   119   119     1
   157   177     1
    15    16     0
    17    17     0
   224   224     1
     5     5     0
   185   185     1
     6     6     0
   211   221     1
     9     9     0
   110   110     1
    21    23     1
   101   100     1
   102   104     1
    69    73     1
    97    97     1
    17    17     1
   113   114     1
    75    75     1
    26    28     1
   178   180     1
     9     9     1
    16    16     1
    23    17     0
   180   180     1
     9     9     0
     3     4     0
   110   108     1
    17    17     0
   116   117     1
    74    81     1
     5     6     0
     6     6     0
   114   110     1
     6     6     0
   104   107     1
    87    86     1
    40    52     1
    15    15     1
     7     7     0
     5     5     0
    15    15     0
   221   221     0
   120   123     1
    10    10     1
    20    20     0
     4     5     0
    75    54     1
    67    67     1
   184   177     1
    23    22     1
     5     5     0
   141   127     1
    90    94     1
     6     6     0
     5     5     0
    12    11     0
   156   157     1
     7     7     1
    65    61     1
    21    21     0
   101   128     1
    24    24     1
    15    16     0
   110   111     1
   117   110     1
    12    11     0
    52    51     1
    11    11     1
    68    73     1
    89    89     1
    86    89     1
    25    25     1
     7     7     1
     6     6     0
    21    20     1
    93    97     1
    20    20     1
     5     6     0
    12    12     1
    18    17     0
    17    17     0
     5     5     0
    31    31     1
     6     6     0
     7     7     0
     5     5     0
    14    17     0
    27    32     1
   219   192     1
   173   188     1
   110   124     1
   117   113     1
    17    17     0
   131   137     1
    15    15     0
    20    20     0
    32    30     1
    17    17     1
    87    86     1
    12    12     1
   119   116     1
   119   117     1
    13    12     1
   203   202     1
    13    13     1
   111   114     1
    39    37     1
   122   132     1
   151   153     1
     6     6     0
    94    88     1
   171   172     1
    42    43     1
   110   110     1
     5     5     0
   107   108     1
    11    11     1
   207   196     1
   116   116     1
    93   101     1
    37    36     1
    23    23     0
   152   152     1
     9     8     0
     5     5     0
    24    27     1
    15    15     0
    15    15     1
     6     8     1
    16    15     0
   114    98     1
    35    35     1
   223   227     1
     8     9     0
     4     5     0
   203   203     1
     6     6     0
   206   209     1
    17    17     1
    17    17     1
   113   118     1
    16    16     0
     4     8     0
    93    97     1
     7     7     0
   130   126     1
    55    52     1
    72    81     1
   101   100     1
   219   224     1
     6     6     0
   104   101     1
   106    96     1
   109   104     1
     6     6     0
    13    12     1
     5     5     0
   230   227     1
     5     5     0
   120   119     1
     8     8     0
    19    17     1
     6     6     0
   156   156     1
     6     6     0
    11    13     0
   131   130     1
    37    36     1
    21    21     0
   116   109     1
   197   203     1
    14    13     1
   112   110     1
     6     6     0
    20    21     1
    20    20     0
   112   113     1
    98    96     1
   126   127     1
   211   210     1
    75    69     1
   132   137     1
    52    50     1
   128   129     1
   141   142     1
   108   107     1
   219   221     1
     5     5     0
    18    18     0
     5     5     0
    98    93     1
   154   161     1
     7     7     0
    53    53     1
   210   212     1
    85    73     1
     6     6     0
   120   119     1
     9     9     0